20
-0.334056831901452 0.7714112897724383 0.5311260295380544 0.22884789773844852 0.5294061409274884 0.47147376640389527 -3.11133566715398 -1.6445224207807734 -3.2414156772735216 -1.4662366873748007 0.8799867862740748 0.48378485054096904 0.7879948015632787 0.300096266701409 -0.34747226776786155 0.4920085634398165 0.3203988606647074 0.998627468227334 -1.128329750169643 0.3911366836009706 
-1.0624929151503122 0.005374156201117452 0.5314225631790728 -1.4614488602418358 0.6172627625389505 0.2278538334702415 0.924292954263842 -0.901125060348323 0.27302448747074975 -1.8855280309021996 0.14735634068301273 0.24409593679709324 0.030333284658620716 -3.0740180788529683 1.9205848401920036 0.008503538551409978 0.17964455133467003 0.6710728218212328 5.295601121446416 0.7492123088817557 
-1.4992424596376623 0.9682611063888577 0.7773320567756713 -2.093419320712874 0.008161701130880727 0.7011904197323499 -6.202407707261473 -2.3769497125638357 1.8156777651123759 1.9728157576186236 0.9447947832570496 0.4211389736366903 0.7243208211030395 1.972820005322211 -0.35540607023314813 0.8228682267851573 0.21271677213956147 0.049861122515748584 2.6352777282329996 0.8362397570448397 
0.08972991810111339 0.9502545216753677 0.464601616091187 -2.9516654185031785 0.40682163113127506 0.45892185627139387 -2.9165715182910965 -2.3960305806002578 1.0900676726441292 0.5158212600145479 0.12937774736622282 0.5976275197593077 0.028988788672565192 2.4453270864229566 2.733244986229447 0.9978297088139569 0.2441696096650297 0.5261370878578289 -2.122506295399164 0.082762879620822 
-0.8781239027027258 0.5551474132155709 0.027474748672515672 -0.771776883145429 0.32283499926954856 0.6510015792454295 -3.6713099301468586 -2.4817538324685033 -3.0806482263922175 -2.2385333573002235 0.53811840521538 0.8865214807145562 0.48256545541471185 1.4356036416543954 0.7016721021944661 0.5622379973420107 0.9915739564958733 0.1793021014616521 -1.4030322429325812 0.14540437778544174 
-0.7254533345800698 0.02082227957405454 0.3160772558443898 1.087218405552226 0.6775432374126757 0.259815833355638 -2.3146685763653734 -2.912021253607411 -2.281169395898537 -2.689081106941879 0.8228897020409692 0.592076358414405 0.34644890226042185 -1.9881218721830138 -0.5757552727615143 0.39840242549370214 0.8733386146675458 0.6565788130230694 1.1277739071814394 0.23536894154728955 
0.025751425617566926 0.4374486317881136 0.22394038378238637 0.22760942867404604 0.5353969664530553 0.3706113721022404 -3.0274033202826973 -1.8333249252579367 -3.523124667402608 -5.693774222038427 0.1097467036667178 0.29065104494275307 0.9127229162541151 -2.4187434198318876 -2.319658882878325 -0.13731996571883434 0.7227767302785859 0.8330275904100632 -0.01045499360320242 0.8099029337784734 
-0.45586847639226546 0.8279920574076134 0.3084501208895929 -0.25104821956880263 0.040660536896087854 -0.0018604690892999394 -3.122417343926206 -0.8395757869955621 -0.2363080669194978 0.2815646147322612 0.5336388278254571 0.24696272696140584 0.42018311156658766 2.936298323372857 -2.350477680786399 0.5348401360560489 0.49830281152025335 0.492461108074214 2.4169826517132686 -0.002704830979331819 
0.07136659278098556 0.9418700627290622 0.8525373926741446 -0.35697359120385946 0.8550024033126449 0.669346896631138 -0.7706255142467636 -2.1513279086075316 -5.44774575884862 -1.4009594166927066 0.14430270734654124 0.9694921194915506 0.2843811879812796 1.8052780710402725 0.7394750971772802 0.18198612196596867 0.26685510976897453 0.1335351941552172 3.300087989072638 0.92122352211743 
-0.866514166203465 0.9661771874803515 0.8929277010283966 -0.23187400079340115 0.6750836738662639 0.42974159928655964 0.588379951790545 1.3023412964430154 1.6553773115041492 2.1569693374697656 0.23375320584743503 0.5301730743106977 -0.023641875366351754 1.7580205901429342 -0.4401667893930134 0.5889222950889207 0.49447205462090393 0.8158134779915859 3.171960693384655 0.5153241313504406 
0.8121131150998708 0.7278075446157597 0.5468412204696452 3.701152891892319 0.601844095814421 0.9182425299778406 2.7130088013430034 1.4261602856927553 5.466987121676418 0.862804224438345 0.4138425413257052 0.2503574780629105 0.3524587431992307 -1.7700056559129576 -1.4927717754355596 0.30120710453331095 0.6153141450107273 0.11645175275845167 0.34890200525385595 0.4050497443281136 
0.0377377713381889 0.23885519065863053 0.12982447583239026 -1.1047336552680656 0.8575296598637924 0.8837943248567244 -0.3058295350640416 1.8658307796570035 -2.9606157822703523 -4.618180872373539 0.3499314785489407 0.6104881073671928 0.2979467652207788 -3.604031255800188 4.228681272193949 0.6857124334095809 0.23576161602204024 0.27285918176521223 0.4206633653539227 0.3620413778069848 
-0.49540366588814366 0.061547263304224956 0.6671175130884722 -2.2092020866935216 0.8466161358534243 0.09299772036713143 3.5768699932837764 3.881871996540376 -2.0594764586119245 -2.352675291695423 0.5055531704018094 0.27138693783856893 1.000346444046442 0.04164370021442105 -6.1216506079466715 0.13293611120088727 0.5274351493411601 0.8797910602875015 2.5440369712599096 0.009348450909040124 
-0.5621068840923489 0.8615181497413383 0.37832370206844435 -3.207142521231598 8.803139789136202E-4 0.9071387952169869 1.776970440963696 -0.6340086323522904 3.589618566100572 1.7480089235589862 0.9664133236577018 0.5781859405364863 0.00311635148249825 2.200038560608489 0.9412757584802312 0.23572974972174304 0.4929461032736515 0.3076287702628835 -3.785221580384858 0.03308620209730086 
0.917123707709897 0.8677307109696635 0.07378602503945382 1.0333025334797377 0.36637123857307663 0.7696849411811397 1.6580610805308391 0.6275902442089495 3.2881261261727115 2.238158080933815 0.9457008383769784 0.632748526470611 0.1894637684273464 4.130903945090063 -0.7209850996230438 0.5811423126479638 0.12230432126918914 0.7319508233240214 -6.878183640812278 0.4486093713320738 
1.345782906374579 0.008080554450519212 0.13386262955537453 3.891017939726686 0.6287495100774928 0.942603053379272 -2.5080597741753667 -0.19119532178115914 -2.6193027609043815 -4.395793256219003 0.8721665209254069 0.8839200471274814 0.24464668036493561 -0.47549593915370647 -1.153396680287959 0.014698207652055215 0.47519131601852244 0.7836610802279136 -1.7256136182795876 0.8952737110609571 
-0.8774189823046009 0.12127605298876812 0.7533594151370885 -1.703109260817946 0.5482461470917055 0.47721066927009814 2.386635637401101 4.74075768718096 3.272435148470532 3.623110229918413 0.1669777278291994 0.6344942753836909 0.7260789067166621 -1.4059595746357507 4.493591809755818 0.18613620819812388 0.16048073781220468 0.6817233488847393 4.861088936320831 0.6468113468658091 
-0.5735051245017507 0.5040098293487035 0.23879716083501148 -0.022135334864937725 0.2504822166181388 0.6982601349833466 3.9544236145845275 6.14685956678324 -0.6491270405533001 2.491648868114773 0.8618948530416061 0.3239431854238781 0.8779101040727896 -0.008575627516751934 2.271192601889888 0.3106724307277623 0.07622060337181687 0.9316469266217101 -3.4240743249763734 0.18462180696345545 
-1.3749291773017673 0.49872039528597895 0.1228269974522992 0.7947469134030194 0.1362725375261771 0.7094632461404412 2.6230668819526164 -2.6410838199806075 -1.938927042610841 0.03278794149280327 0.7808087550856184 0.4725656543754448 0.7097244008744606 -0.9925009332325887 4.048638364613153 0.8587413940640574 0.4079511081142356 0.3966659784182501 -6.253178529771034 0.5736565155987386 
2.3459390288333797 0.6824198210713162 0.42028593647144125 0.8725568082776379 0.7663124506123836 0.8166848312226577 -1.246797343509753 -2.479760991675723 -3.5233292837936525 -2.2823223877545935 0.6239883146463938 0.8773151035507244 0.47769808547780457 -2.6305471809530228 -2.1625626184884594 0.626468907432868 0.3670479248965456 0.46808218056679574 4.3279460660828475 0.023947986635485502 
1.6523343667095833 0.4152043902097548 0.931730503320457 1.8291405129912242 0.6302207380792202 0.8306258440497 2.1555874527561065 2.9923587809074785 4.380699141762274 5.3100385800585235 0.005787967358860614 0.5333855835134086 0.7760856678403721 1.609153996950253 0.2583251994858881 0.8628982569459166 0.8705463190740652 0.6189837717857397 0.7844399485496554 0.5535436154831364 
0.8692158412721968 0.7203213487127935 0.8763611124035918 0.6221274164301286 0.9680886414929438 0.8021806817117333 5.357641703977254 -0.61472044866835 3.122515077680877 1.6329498269779552 0.8348333107120962 0.10707175154630397 0.55189973515619 -0.3808625443963161 3.3631826288847715 0.7599217739540475 0.8247780114066895 0.9879951333822593 4.79497463610416 0.8602571635282059 
0.26017950730113476 0.7349857239348041 0.19212533376521163 -0.9547449561349262 0.6128205325518052 -0.008021296461937093 -2.5341828336712076 1.9071632814574286 0.21336817895895474 0.9384119320136406 0.44414356033687374 0.9622320728960351 0.3388834941413549 0.02955724304726916 -2.558475387481685 0.0592459423652629 0.4021581779206184 0.3621477500092586 -1.4281468640478958 0.7825373899102637 
-2.005068665781547 0.7442350703660109 0.32003878804796804 1.2821693604557471 0.28008131555246096 0.8988710873969107 4.016062170324105 2.524491331550631 1.6521572057610951 2.3547326608330734 0.6656912392649281 0.8168469670524557 0.5402252382055356 1.805847563449756 -1.338124322721176 -0.07098692380009868 0.5088357319277844 0.1546616704942444 -2.1268281200085446 0.6297892602438021 
2.476505019664755 0.04274770257851421 0.7014475063937098 1.6818975167225743 0.017195509053772158 0.5395063739393217 2.879793355630704 -0.5052010625957556 -2.2344491440509393 0.012738321614586557 0.8697877873228198 0.7519436754950793 0.3959080368802381 0.018570636823555 -2.634031393714853 0.458815634007764 0.29833868806419866 0.7690167161579884 -3.8389662408960725 0.5376392373266734 
0.4994042652776848 0.7659796289334408 0.333318663083569 1.9923940956319828 0.2090706067168609 0.16994562046598155 -0.5283491214879107 -4.665370275496766 2.0632743767537316 1.2470035419940277 0.004207513578460694 0.04899636227506013 0.8289083173797779 -5.0389241577848045 5.338970564171321 -0.04053213550392168 0.309956201712637 0.2140531125830174 -1.8703768663665181 0.26668031214455595 
0.5219207630088181 1.656506899342844 -0.5595833919953164 0.8619686713785176 -0.11724562133375821 0.3851993501681558 0.51486513616785 -2.6516235146948652 -1.208932186822995 1.2293844820671314 -0.2871115107661374 -2.5572775080327594 0.05065165426189932 0.4473471714459138 -1.794185062426169 -2.6335749071518935 -0.36513898799702155 2.58053154829878 -0.10598737417458678 1.130891951949406 -0.9303960446435889 -0.8473512485721104 -3.220334922859272 1.9763406974714341 -0.7453089027160544 -0.8723766127540028 0.637256215284285 0.1552729423880087 -0.11501118875047915 -0.35266916604144644 0.08321054129338282 -1.1717460009746392 -0.7461113562657157 -1.2267205747787286 -4.4520668923835975 -0.6014426640391937 
-0.6059897453845718 0.007347001258521756 -0.5846423246436919 -0.416238600140409 -0.4614554875816675 0.0305327712768909 -0.03530692180442587 -0.6605919839169233 -0.9237099285072572 -0.910528777845458 -0.16237516047695563 -2.0473422927951566 -0.5211966363869316 -1.1515576966745344 0.04525762975359342 -0.08830998650041129 -0.8130033507819181 -0.5401770322595906 -0.2259415573407676 -0.8048594947572447 -0.6411071951569743 -0.10375735582106424 -0.8266884185966734 -0.988292377864663 -0.5366184667679338 -0.18020314990218297 -0.44762258594372256 -0.3691852534587184 -0.5084351232748924 -0.38947732219249404 -0.877583772486364 0.22211710383112873 -0.5600225114200441 -0.8596859424374225 -0.01458471448918533 -0.7554330018198596 
-0.9099319382218694 -0.3173678160334344 -0.6120328865019816 -0.8466724356216485 -0.4353857415492155 -0.854915115026126 -0.4351361167896223 -0.337299489719216 -0.5558608892543428 -0.05042342799584503 -0.7351103168698809 -2.102596240097536 -0.507238749466479 -0.6311321741950459 -0.45112044383371663 -0.3028030358560108 -1.470071707613881 -0.6301036300222903 -0.5259957691534527 -0.3541619823580407 -0.6401401958459576 -0.19446662296240272 -0.9300265089614834 -0.7310855502763732 -0.4328303355105086 -0.6670709236355652 -0.33981354454868273 -0.3547243387911509 -0.16065793090103644 0.08275956321546982 -1.013247238058219 -0.019721217954752842 -0.4779556744563112 -0.1866509727733514 0.27465716226707537 -0.5870853757563527 
1.1832747751880561 2.394705751944372 -0.16240191462726397 0.01988462659308308 -1.099536874223945 -0.47233223755813397 -4.613629305591309 -2.508080542339746 -2.071186823502791 1.867159765925262 -0.08172353349478491 -3.5642335857395997 -0.38032732563988597 1.0714988455705352 -1.7906010912055794 -2.925781875223174 0.8427987220740806 1.1910232024754048 -0.6473677761953561 1.3296432175108295 -1.782652478963889 -0.11760545018043549 2.368580225235141 3.6357039279468832 -0.17084386517312816 -0.23588260240268988 0.9902721289435799 -4.556003013185802 -0.8837845943407944 -0.5870272088870638 1.3140186487261718 0.5212960287167814 -1.8080754259561311 -0.8855570679788052 -2.053171726466038 -0.3772991014187534 
-0.7545449564727984 -0.1786616866981721 -0.8912999670703051 -0.33295339581228584 -0.5500184757369819 -0.3867441287190852 -0.6036667698805461 0.03391051272593302 -0.523945201126624 -0.705973385785137 -0.1321273709499121 -1.9761969751848734 -0.6689777878677441 -0.5222083571110654 0.13530993109179923 -0.5245891481015782 -1.3520866513796166 -0.7488487199619788 -0.10051383462504683 -0.13030646662850048 -0.7828997515658668 -0.29804873903534473 -0.4339433996402477 -0.8249954885378021 -0.17717473274514717 -0.351451291522051 -0.556335928351566 -0.661639976315233 -0.04472788802171238 -0.16203074662561112 -0.37382690099504645 -0.4875843251624599 0.3000962395928355 -0.6819633665343185 -0.22574826978818158 -0.4581453794610677 
-1.0601818817973176 -0.40884755807373496 -0.32601775567262936 -0.0534557453887377 -1.0129972853875155 -0.8153308730398511 0.09002158108210502 -0.09346205408590394 -1.0712491967887983 -0.20069854592094796 -0.8449060320662435 -2.0378314292839312 -0.5300048827822147 -0.5859089912322349 -0.019028943664156826 -0.9086802043625474 -0.7073680360389312 -1.1151367465800421 -0.08512477421081588 -0.22514371494746407 -0.5022814632406254 -0.9075480439032447 -0.930066185797954 -0.45304520834764905 -0.11591253055192281 -0.551628980452569 -0.03157781003307468 0.033520922278702237 -0.5810823013172955 -0.24686814657623887 -1.1105491259910494 -0.04572651372210705 -0.14574665179469254 -0.9782530292499788 -0.36481651529872233 0.028671295401882593 
-10.016658590965786 -10.310704783537878 8.098408316211453 -5.499686983664859 3.982332687986552 -7.996940689691893 -4.601821387379469 -2.4565307885064676 -0.17884837942491233 -2.9461259823482986 -0.8280798876756352 12.644969456751214 -0.40328001543011704 -0.045661133083097986 0.7278306965992155 -2.7974594167339757 -7.091687488156718 1.3795220729906317 -0.1793717082777703 1.0579557708924157 4.078792565164367 -0.08302497613151434 1.9116963850041646 -1.0049809192706434 -0.5046622853905789 -0.14661943885891535 -3.908833126321559 -0.4690407360657554 -0.19971064071365346 -0.6414481599961037 1.394484572753902 5.097216765038004 -0.6867027002622099 1.3250052695743357 0.7368335869699412 -0.20461413291846534 
8.136773335843873 -8.982537568326638 -6.672175953876514 -4.012687232691342 3.75974790147125 -6.674928763768731 3.849162037751047 -3.6643437312400997 4.378937569783083 1.7860378584801713 -0.39104177174580707 8.664787999330393 -0.3720623674436814 1.7106722551135836 0.12307830972348033 2.8672879657420625 8.491299806107374 1.8142554434389564 -0.8907455515327397 1.3849436566182307 -5.5991096483300025 -0.27897431898496083 -1.4866819483444011 -3.7972775467603217 0.026506556496814108 -0.3293723060753109 0.663195291013768 -2.8197953149042663 -0.271002462641739 -0.7162474373262939 4.362530092788199 -2.404177829139915 1.2273468887406749 -3.669848681386674 -2.7069879944405235 -0.7634820675847758 
-1.9503973095654177 -1.898806147451145 2.3566031252209787 5.738616728127242 -3.243869118608334 -1.165206945069064 -5.019831411396249 -2.0848779110405067 3.44167065935462 0.7467810087124229 -0.05589483311304814 1.6720614497918773 -0.4638958227146042 -0.5499675540476795 -0.44201188247712186 -0.5939743855227564 0.4910715343185953 2.8553843209098164 -0.41509462762406363 1.5299748752061622 -6.196679671409409 -0.8077970802326111 2.3530090755901725 -1.2097914771078513 -0.588061450311367 -0.6533424708925964 -2.478556386509362 5.506419938646668 -0.242483143831966 -0.6293357965563068 -3.1756138376094496 -2.8632596031710658 -2.0903110484453706 -2.4503858804605376 -1.816472692884495 0.07179552248255978 
-1.3760208553365236 -2.4875592536993882 0.26775918662918635 2.944843185880437 3.8437835474408435 -0.838786231129563 4.171273750713966 1.263213517299478 3.425768974705799 -3.6516965390973426 -0.46863714571357445 0.046739804296471066 -0.009056211188825998 -1.6328075281410663 -2.398965637196048 -2.584999149094517 0.43935592750610003 -2.0889857221447214 -0.2371917647914038 2.8995606187514693 -3.4065918297244084 -0.7165052457204982 -1.2770284113195989 -0.8741151072405625 -0.556826243387986 -0.8754660488847442 -2.3491871263078297 -1.9497141152522075 0.008174367270216483 -0.5312686218723145 -2.9596337504875967 -1.6686864202210818 0.09310925687856353 4.820256386539577 0.12429565553056195 -0.5279976988872378 
-0.9397994497761359 0.13268921791971677 -1.107750168081882 -0.21763303301722917 -1.1742466888984602 -0.5913634774272033 -0.0855318377643643 -0.27480320184094953 -0.8189996896498748 -0.3747597412570683 -0.3685874958138599 -2.172947556041282 -0.3967697273636861 -0.6895212187274892 0.3476528129470492 -0.36321326138828697 -1.4764654251025933 -0.6361717277155798 -0.6166653085259893 -0.9980937609582282 -0.2400795443565224 -0.46233565863935316 -0.5291165883807251 -0.2433519416381925 -0.7629883610491398 -0.30587957976399155 -0.6350861615846014 -0.30347413108413646 -0.7829601119195494 -0.4004575555095748 -0.5858412085864461 0.06987924258032926 -0.2961691441178551 -0.33704184562837064 0.2669775459082348 -0.3790225960203936 
-0.6919044156777828 0.47342909431967295 -0.7819452246406792 -0.2465118077740211 -1.1191764671102755 -0.5877547097468727 -0.21581842862974887 -0.26737040205266843 -1.3837819989996514 -0.41013173748504544 -0.2859310326316056 -2.119831389428704 -0.2716709226770025 -0.9499268985975922 -0.5767209163954767 -0.12010060898275439 -0.5579731720129391 -1.319967004620089 -0.6897832727316016 -0.34376241133493296 -0.721325421263268 -0.6428740858239472 -0.7785040331487415 -0.1948837121866894 -0.009154312000019886 -0.0705384205982467 -0.7421420347767368 -0.6697532455578465 -0.4366565816707204 -0.6634523349540085 -1.1613527359995766 0.4224715235674106 -0.6783695979870776 -0.8164036248569052 -6.965782312900428E-4 -0.08874014574469098 
-1.0511991634190856 -0.0237800369546943 -1.06731057732825 -0.7764594643384295 -0.6444994042985509 -0.0015283926337369314 -0.6935579236923756 -0.7524956192278536 -0.9877543601447887 -0.7365711051917025 -0.24834505123623635 -2.4129244410248742 -0.3301576639242654 -0.9774540585788755 -0.5803856172037251 -0.2550755703277502 -1.405726007858183 -0.7328079877710828 -0.5131462806891333 -0.8812745887872495 -0.7915450734040729 -0.0558832916260277 -0.32337623267103754 -1.0372429774115568 -0.4640293633966768 -0.463067574990606 0.07862878023575122 -0.6259613076842591 -0.25293550906933265 -0.7467861810249363 -0.48197006191847447 -2.7636785338175433E-5 0.1938650784405072 -0.15950709262000767 0.14344002640249084 -0.30567271501764026 
-0.5803300132874047 -0.6505349373765681 0.42005891525745714 0.4866152065295821 0.11492179136246475 2.2294099671774283 0.8975855884592893 1.6922820850733549 1.1197195575868018 2.908381408065458 -0.44777640191647294 0.48949330456570833 -0.027725642331073764 0.8169535399918837 0.010931944092962432 1.103712435645577 1.9182727810796258 -2.3306935865675733 -0.21893086251698468 -3.2307220551321767 -2.605977934020999 -0.1100435139881641 -2.276314705139861 -2.8317995167285828 -0.12070033241893717 -0.8393907554689939 -5.166326990093453 -2.4436216484002085 -0.7812284430456465 0.06874669747479462 -6.379461811651204 -2.4537490076188715 -2.59526877404316 0.5146671487788846 1.4643678114506267 -0.5030942320021915 
-5.962120602670424 -1.8846693411059974 1.1056082738951023 -3.837915605432483 2.743689121888103 -1.6489103247316748 -2.9100665624962225 3.6525054107931387 -8.95293993304217 -9.431273886968786 -0.3031965731200945 2.0070986104758743 -0.7847532649904456 1.253680619617525 1.877063546582026 1.356214237246237 5.212698398158751 1.1436362828636741 -0.6216992752966324 -2.1827125338669675 2.7651406842054413 -0.17700267553340118 0.949158872987441 1.3764477662935009 -0.2335466036404788 -0.3005479745269587 4.485950947320578 0.7032961669694401 -0.12082386904721847 -0.12432978767002702 -1.23153329800743 -4.886178402828926 1.072462766114887 0.22856523253117672 -4.220084893243861 -0.7685985626637649 
-0.7855585829423004 0.11691977576909696 -0.47463082071302554 0.003723102690776313 -0.787608183971892 -0.45349821496877013 -0.417965416378644 -0.67006981507474 -0.755476322905865 -0.05259902117727368 -0.42449597556549507 -2.335144800781038 -0.8289623799553462 -1.0912711503776573 -0.39130434265210695 -0.7597304576249785 -0.715381131249836 -1.0376097418184642 -0.8789804966502045 -0.5961133873319879 -0.26522970776414473 -0.9314506456608972 -0.6842930092349255 -0.8183251798851539 -0.8771165184122277 -0.4014035957387227 -0.027850141889429633 -0.2676275529319554 -0.8809225506846032 -0.5478232539909708 -0.5619675942033175 -0.1893319187449289 -0.012613696745006545 -1.0022219322834383 0.032744885391185884 -0.4443060638935447 
-1.2519000507143867 -0.04746583641666997 -0.25016618388186157 -0.7577340458242405 -1.4384521867875097 -0.5480619280741472 0.04350483992250889 -0.11200754820171367 -0.6033363244993445 -0.3496423970673719 -0.7714949582988441 -1.8198405536004203 -0.38173531289118684 -0.19981133165800524 -0.029193941705465114 -0.6981338998138985 -1.2964669281713368 -0.8467370820185502 -0.01673135249416072 -0.37310584789596885 -0.4266099236398622 0.03933823343431364 -0.20684280518714834 -0.27003535589538874 -0.3284301866211034 -0.5143380215554624 -0.4745563657419308 -0.626724221148574 -0.47572165726670784 -0.7584210137683278 -0.6816584387244503 -0.013343527452976825 -0.640441451454218 -0.5993235871620032 -0.11598681729116112 -0.5188741932655796 
-0.5811671710489188 0.2232862963167975 -0.8190785791832588 -0.1754889960078357 -1.3324367127630294 -0.34873120279917136 -0.47843433870293517 -0.10797741312283417 -0.5065929640522145 -0.36220070239059726 -0.09896102555499624 -1.8477961965969252 -0.37106565479336434 -0.7640855779613391 0.2678431819911497 -0.6725658460618673 -1.1311988532999644 -1.4297297193720866 -0.730244518138846 -0.6248766233844717 -0.5826567008267781 -0.8201085932617105 -0.4988232802035575 -0.8770281067844141 -0.8981637072960883 -0.11520686563117837 -0.5258880117574263 -0.17703155514861588 -0.5195358477001857 -0.697111480089231 -0.7910276797758747 -0.13383534870006183 -0.36557079893119226 -0.2748797518320542 0.3221534070639942 -0.4015378403341628 
5.40652666318809 -6.39149203823219 -5.886323625877581 -2.8357622662977646 -5.297469562701255 6.971524290257641 -1.2489844084778843 -2.830380486431804 3.0827801051503734 -5.267077463468643 -0.524800016594364 3.65511533755627 -0.38100646951843054 2.0979768025333128 -2.327208799107188 1.989087804303421 -10.170844393128403 1.1963866740452076 -0.8016580904170312 -2.5350243105474837 2.664002931735465 -0.21800899910290086 1.8039642891207648 2.8919845443957017 -0.410017415474583 -0.09266999919937854 -2.5783334369671844 1.4897207709967863 -0.06795819737097183 -0.010721903742994742 3.563874216074801 -3.2232419719321115 1.631496956297663 3.420484320002328 -0.6441191836639901 -0.041933077111245325 
-1.308585530657181 0.4909946056815643 -0.3655705277999247 -0.037684960844814736 -1.3509763000381747 -0.07764857254757848 0.11256448925830029 -0.5558590285077436 -1.267757690558861 -0.25974363047177673 -1.025142869936224 -1.7661135089210533 -0.65219836308164 -0.3453076644636138 -0.07193461870633072 -0.1574793753499957 -1.365021352313708 -0.9555478366240973 -0.3699285626731358 -0.42469607105238727 -0.4586743716798142 -0.6763807436849901 -0.7301640354617639 -0.8959886784873482 -0.49539048798230517 -0.8409952367518427 -0.23923196138317673 -0.6296927383413585 -0.4783555491184574 -0.6391368414330809 -0.44482701443601264 0.07123246604569351 -0.2975505665283831 -1.0952804292270926 0.027817567211475807 -0.7158081735314762 
