20
0.6988845844468328 0.7475063203637793 0.9486120886546467 0.7947639735549367 0.155431369306872 0.8697568153549212 0.014954838642887162 0.9932034059044547 0.8663956485848142 0.9611050264202708 0.46286282519459676 0.9352176261600361 0.7538149595694398 0.34587237056878833 0.6783639905484179 0.7950871003133383 0.4565674586301473 -0.6399282911670815 0.42165689866407163 0.7968509390639836 
0.2924202200856425 0.5639230768108195 0.3971728785734724 0.25426792667443116 0.702108713577083 0.2940429003432632 0.5824803863455557 0.7481960233254015 0.23532077205286772 0.8337082346109417 0.18430443935397336 0.5290342082693971 0.18513772474034537 0.34080500347130804 0.7265104434490282 0.33767853646184975 0.17542950702650367 -0.5601469725626482 0.5024875505697927 0.6833718126697632 
0.6920913744525314 0.003102063032881515 0.08564743885420717 0.8478762642670474 0.9347355102536451 0.41578484331872656 0.4548656986307902 0.921078359027671 0.4794849761910976 0.5702791601919333 0.29899944990170213 0.9743901877211574 0.6202342708040814 0.776557726421165 0.8767079299522699 0.2883848493639124 0.5755668168943194 -0.5430472344517941 -0.06385537285316925 0.6355592303807153 
0.37721883142335794 0.7916337147207814 0.14719102093143244 0.11990165356446912 0.07466775583814193 0.1906754906754434 0.32363637036015347 0.8826603406163623 0.030779087870971302 0.34132788717857554 0.24020828588900067 0.7376252619469102 0.5178568800974753 0.6572498614079813 0.36111109061754465 0.5068316170068229 0.5844182568609783 -0.5116108214389193 0.3056506623544122 0.7799608872983981 
0.6341336627229581 0.9519140086034985 0.16466326299916834 0.3252363337890634 0.27417439854824105 0.03673892906103107 0.2641090055629841 0.9108799182773635 0.41447275701993247 0.37127333899886106 0.28962193154038957 0.2346315168590975 0.8627958415607958 0.08593788903934856 0.7105655556824207 0.9741670468663247 0.9552939218929076 -0.3353078099012542 0.6876785838617939 0.029196598124138114 
0.09806227103075638 0.5715066596484265 0.6146660793999315 0.39493949696769726 0.5033884224640685 0.114912976355787 0.43385454498655524 0.41464542720605896 0.9286464859707283 0.8547113784622232 0.13693180458933243 0.33448779730234285 0.8673154981017998 0.32723042084449705 0.1111037736921312 0.8010471209917361 0.5082635682894615 -0.04382263528766909 0.42882340050634143 0.4352481884017649 
0.06478047141346935 0.7085559674816216 0.08841977638790709 0.4545336354943327 0.07304681903283433 0.23383610186764078 0.8851386134756747 0.9386234802034487 0.9620167915240383 0.9231480712418907 0.35376194437760244 0.9553457573864926 0.4851419874643656 0.8688631381528807 0.8414683776328477 0.7744718163209222 0.935841360256237 0.8664091728174235 0.003178334701444304 0.6443906006801957 
0.9600127421593284 0.8012981155757027 0.7376995297468979 0.3290922330370575 0.08962408734222467 0.8533780520460453 0.35291097864542204 0.1824738243258401 0.22275198124333334 0.006223369300982108 0.9597800276583188 0.9712860614757769 0.6236403950110488 0.2133960104083653 0.9774360267842404 0.7810423560564973 0.9716303302599001 0.27329431947596694 0.4631760665384009 0.2357172773515116 
0.09663559162390145 0.0921248834241352 0.3626164304454616 0.10912082032827929 0.6235540823889353 0.1428665267021104 0.9896939244091524 0.6952046968104371 0.9837883794770345 0.4464614136950347 0.7073348155830607 0.850667040179283 0.6413329381536719 0.044361570115225124 0.8115865909060667 0.4990270977760606 0.6367594153213362 0.5998076389737333 0.4850374004057119 0.22649241658077574 
0.7870119949115464 0.1676031355238393 0.25628261939072006 0.3846107466596388 0.4144489605082898 0.8103218816559623 0.9181696797782424 0.31643166955782004 0.36083126203232385 0.5437646270914042 0.29794375275269985 0.6415740671572977 0.869441766221504 0.9109495810882665 0.2699021849249282 0.615674844493935 0.10740611075390216 0.15147098123059527 0.07287670214301954 0.9416634629158409 
0.92998827264604 0.7131642983024806 0.5365040383206302 0.43197352440616815 0.27168914384174775 0.8327722530900219 0.9505177428437186 0.7170525373500582 0.8843136061559833 0.7569271611023495 0.7198839446997489 0.9850469508927489 0.0012606609846231931 0.40845896704466766 0.25686236706317234 0.7725665050216295 0.29128167612122946 1.0332338911479955 0.016526538918927684 0.14720468426931393 
0.4305661923936091 0.92425475213894 0.6582157628536531 0.7646678204854555 0.017984178567266744 0.7095980255051526 0.9317881340300104 0.5483078332819405 0.7676725571924683 0.5638753855407616 0.3980830281441637 0.7656375964755521 0.4586592860573809 0.9786930229068138 0.9570775540354635 0.06555377108207965 0.10345924561909246 0.35164694575970273 0.3528019180929137 0.5193878581368319 
0.18393948007859676 0.9051938673742495 0.9923691320000729 0.22251682559459265 0.24953474562982642 0.2135297318209727 0.05664971662319043 0.864071716658239 0.9484219647296587 0.16868074017560974 0.5800356921072538 0.9601117451243286 0.47663836533190884 0.2679940945523544 0.16487812733085128 0.7788755896404315 0.6158946711668809 0.05738689136931286 0.19028752448453928 0.6124980417631676 
0.913466979604648 0.4887293865664601 0.13286145372743288 0.39459934904948407 0.28961618194508015 0.7242330109659929 0.8562614968986882 0.39450866440807497 0.27627094231051136 0.5698783514423804 0.8582825286880413 0.9246302830017392 0.07335318859589118 0.7871523590962552 0.00480151597987644 0.34302425733128616 0.033675882060101955 -0.7974996828984864 0.6676083254490583 0.9639580864776875 
0.8253219548593126 0.5924876474062034 0.21614505579351856 0.8510830319132823 0.9624506342894583 0.4860648768864182 0.7747648028679265 0.24051654553720625 0.26963309354995024 0.07781585244962642 0.8287880584084787 0.1426931146239013 0.0470460656095113 0.29606992034286717 0.8020883677180601 0.20695836966062375 0.08526336947908339 -0.3167645960096757 -0.044126244820671984 0.00809747977588407 
0.9163093952599011 0.19010222805101637 0.8751574210598904 0.33104997731472485 0.6785656819515797 0.16573111544393257 0.9868598885068555 0.3447718516862096 0.5784415967243536 0.8220750439646501 0.9704119370652602 0.020187889677936926 0.01496615001719146 0.10543791707769394 0.5453162016171915 0.5107810944885471 0.8352027419458068 0.2349205396859626 0.05842320144445948 0.2555052305502275 
0.7637715572442894 0.46243330867782145 0.3352608546315084 0.12488400932726908 0.6145439700800753 0.9435256782001534 0.49060164843462856 0.7567256319530048 0.46494876538914576 0.5065302369671283 0.735689851965014 0.7572334194526693 0.5345408319970987 0.6608873886691824 0.9782217063126847 0.8792770420303734 0.3756591742879313 -0.5292225762911288 0.8714417997245528 0.10805865028026204 
0.8006382567571189 0.47262993889362465 0.9206515869635925 0.8300148011451542 0.49872803349859185 0.469824019765347 0.7194872273559673 0.4595408321604194 0.8525692274352951 0.6502799182059588 0.7630872270297782 0.8639344755285465 0.8011885653258388 0.6965640072184179 0.4809264473044458 0.7583204753774492 0.15476509205208427 -0.5789646197004702 0.2106277439206476 0.2850854172242188 
0.4015381346179146 0.9462795810178064 0.6220111113010334 0.03789623797568552 0.6904887920420872 0.3730350553079561 0.5080642143231313 0.9110563209704324 0.7421235590230201 0.6368539722727222 0.9443866807530529 0.03762355359668122 0.5876982387572445 0.9938960060136411 0.6264839203086054 0.7814756547898406 0.7293239988031391 -0.013361513590110896 0.5626393498807387 0.7449104330796995 
0.5733084418996086 0.4049980094603744 0.5420029972416772 0.6441225488286408 0.09129019155124919 0.17460191438431372 0.7744695104409881 0.01708690086019194 0.5157906354400271 0.7143921116794322 0.4268360041589639 0.4847742939704895 0.8705270541345936 0.573588777331365 0.8940206503118107 0.7516050951655214 0.9216207573251621 -0.12801617679127925 0.43312706261795836 0.7228371162814422 
0.6917129824959817 0.9378804311950834 0.14893449614827492 0.679327666456463 0.1824259194708021 0.5874548177870239 0.27342434553722716 0.5231715535232215 0.20223919043536145 0.33519482623790775 0.018245557403178667 0.8078546519156248 0.22491747608432025 0.8521139270772742 0.023607600613281956 0.6425516748512353 0.6411560405894142 0.23763153679126073 0.2531700133325994 0.5969769295320988 
0.4943021501062682 0.3447480828441981 0.07575943285852257 0.2706242035086255 0.6887049490495692 0.09557704736313978 0.4828819081963074 0.08904723645046782 0.7590776379310573 0.3571741986030083 0.6701293388669035 0.6407237499889287 0.9081394413847758 0.6523384423965044 0.38160828312176776 0.931105204537562 0.9640450145145876 -0.3899375139888491 0.04051773996804695 0.11085842538287159 
0.5161123825951356 0.24414915567341725 0.059435780692240016 0.44678725786607076 0.033776422937752855 0.6146123108608122 0.08198239378088786 0.4576768664468822 0.2614833688859413 0.023141559492575632 0.7189043125906575 0.1443129200929742 0.691571225189804 0.6480968347235607 0.9896780771418862 0.15056259894739404 0.6038980548033702 -0.9578167332030281 0.8426758295630399 0.8626744619783658 
0.22669047938891831 0.02740960614684242 0.17387583808019624 0.1419046121953184 0.5333645503239081 0.8662258204251012 0.5099496744283406 0.2193255551334659 0.2657583984559987 0.5856591775920742 0.14533850584818409 0.3462577516916615 0.6555990353890799 0.9879645226007435 0.1282567508917458 0.3558462585368043 0.7711832241090246 -0.6337637633930648 0.3065863634879716 0.6471391179855007 
0.4091976253147513 0.16551649765469334 0.7350087659871684 0.5227250696732565 0.5568067729611685 0.7649848560964494 0.7160546706317927 0.5933077092849843 0.7136903393866993 0.41462808602062 0.09773926796449701 0.006420500025913205 0.45686402623867656 0.2391142503549416 0.9977987382458413 0.5385401793059181 0.13545990419771062 0.15146260568921552 0.8137424455192339 0.0787923731783712 
0.7222837355798782 0.5186457135004118 0.8123455240982937 0.27526912248101626 0.43077424062727804 0.735420236945406 0.6338160198695053 0.5831001043202193 0.4287776778333404 0.3931365042914024 0.13977336538891563 0.41224310571326506 0.2091560809208762 0.8718661405880654 0.4774080232665843 0.6448299907171858 0.7687581955135191 0.7431283023993474 0.895373117355043 0.7105559574776448 
0.9345874445282256 0.6242555706225302 -0.2164857327615825 -0.40695371869712027 0.03444006382280051 -0.04959766766052106 0.2947464231340776 -0.02707592159261841 0.0937942580995511 -0.47728592923217944 0.8292785909742384 -0.7454973393216001 -0.13604633939211924 -0.0952831632564493 0.8948290492746405 0.03705700820816325 -0.37533605520274793 0.0957610645350057 -0.29232652196444103 0.31077398656807864 0.2206356070719897 0.03783924668644423 -0.5131733710587294 -0.2809047352244699 0.727793273783857 0.1707692749186963 -0.3513858133104335 -0.4677605318035398 -0.08835864685384173 -0.51492518846049 0.15352949551612663 0.23497045631854813 -0.5461005150379462 -0.41192298587730214 -0.6763347495141439 0.12203881697616117 
0.8585968048005903 0.8446830223972777 -0.263687035703957 -0.026885711606307587 -0.13872870766237277 -0.04718317814888827 -0.4872439888599166 -0.28447692220840654 0.053252261354691875 0.1022399906222408 0.8715811024427323 -0.626454536342389 0.17722822066259322 0.1467519470663181 0.3720079961834347 0.5882510967323817 -0.45901388617075783 -0.06560157199306348 -0.5605410246963966 0.6086975223418633 0.7115344608184794 -0.5855366206051651 -0.2862241391608248 -0.4348622748043925 0.298283247979906 -0.36613474823634157 -0.07405912334093928 0.04431597176586938 0.03607028360476413 -0.4208677548141687 0.12798235455471152 0.5302887866131549 -0.5255686630499501 -0.5579969626024601 -0.06047422676784786 -0.19787192755222066 
0.7947863286810797 -0.04423715899106667 -0.45620871391142576 0.07677564212107271 -0.5239278142583192 0.28441642646400983 -0.34480847695109224 -0.4008691913960985 -0.3462643002033923 0.25425464323668207 -0.021335588891608158 -0.1966129439070917 0.19353818912468432 -0.5121609515937192 0.23824928732127135 0.7750361046698995 -0.5005586158402832 -0.4395489230476197 -0.7434047302091757 0.617119675098816 0.36527742180122275 -0.49103314356342126 0.05236904547230318 -0.5714419917173928 0.9299836272513684 0.1681386250921841 0.22993254374957178 -0.5222769918129636 -0.4808169572545321 0.2176607128490543 0.15689489772743606 0.8527948129501645 -0.4491351011952403 -0.5043296044180908 -0.033964767538215083 -0.3089135510731533 
0.17067795717345943 0.5589812673503318 0.26583581470767104 -0.20823148148283574 -0.25632929720669784 -0.11357517056138007 -0.27341739631264766 0.2797218038093435 -0.18593716742685182 -0.06794322487781485 0.7858963992306218 -0.280421888787609 -0.6334718826278972 -0.404977549533153 -0.010024239191022116 0.285272904023507 -0.04186762416718535 -0.42709472867759635 -0.11690114579757226 0.7515239800498362 0.30649599427126656 0.22078378877817303 -0.6988564691900134 -0.6306306723976738 0.37116881836213705 -0.33910872014393284 -0.6998708848582155 0.20198447323038507 -0.21600423282963546 -0.7066257987772488 -0.19261621868239576 0.5192261771865018 0.19785502211499925 -0.18309508808658576 -0.5620340227180897 -0.40452292873284157 
0.890580014544252 -0.09649772077435619 -0.4437528509110443 0.011559246073266999 -0.29402545023605786 -0.40230751366382367 -0.3067131967739113 -0.548451407665148 0.20410168639653808 -0.13620111300278193 0.40992439394724656 -0.33738005877969157 -0.7132934213424507 -0.38463038533538146 0.44659148517570335 0.8454611748924573 -0.19398763937553065 -0.1419116336292205 -0.3323937216109962 0.18609346094733603 0.6794765722821062 -0.4167655869368489 -0.494164589244924 -0.49435564578479463 -0.005345602258951121 -0.7293188605994027 0.14959635828254236 -0.194979960508439 -0.4286820034038645 0.15810896971553723 0.16973614768138953 0.9007738151395134 -0.5227422915889157 -0.2619150160576615 -0.5188988289188142 0.027676460168444095 
0.04231849949807571 0.5652241825977138 -0.07189603211702565 0.07041961155438535 -0.06359835870705013 -0.09666335483292282 -0.3686991254485937 0.04737355942998646 -0.08354061691961442 -0.3619066284130151 0.9054636596429074 0.08244775694343989 -0.32096910020848435 -0.710632523658035 0.2500001788006124 0.8927620173749314 -0.5643878707794897 -0.15214571533306498 0.17134492281130023 0.11064768130750802 0.5792041737020636 -0.37069252030630956 -0.27550755315270237 0.1982952615882532 0.6626864784471892 0.13275733442818693 -0.10028521232767486 -0.532051815584568 -0.6097291008850332 -0.2851162930378918 -0.7464305164287619 0.20089158385242972 -0.4396957215680663 -0.28659982877651957 0.13737290534665977 -0.44121565459105144 
0.23501401740959532 0.8213518500149607 0.07100525932280455 -0.18903742904618917 -0.2706753192759549 -0.5214868709295499 0.42636790409750563 0.3758669806784381 0.3130426512741794 -0.5125017715675676 0.058634745981017984 -0.20317031492409743 -0.349318441530767 -0.004071913862430768 -0.06256527891481475 0.748502314752942 -0.5600348761452316 -0.6286698000189014 -0.010120205900210543 0.1641565616036232 0.7828459024255843 -0.3947222027570539 0.12045451626711132 -0.5483608597045548 0.9119372371727377 0.050072968347627915 -0.47910048215877854 0.23383056895560966 -0.31135098649499193 -0.21674106519927738 -0.6266728066258844 0.7158398838903101 -0.20682722978200224 0.1752223918161448 -0.19791790562673153 -0.5298015465701215 
0.1485206067761669 -0.039923053068543865 -0.09566005900836001 0.2972946302401397 -0.28117975336505796 -0.40263711785344575 0.0887495067866709 -0.16509402372541715 -0.5906385548193894 -0.3096128117293905 0.2053983360928179 0.1718890557528948 0.1909821002829523 -0.30066376180173154 0.1348630399023281 0.9520712546986264 0.31828498863086513 0.046528528798680156 -0.5204747067876543 0.06917649965095113 0.8353621074483202 -0.5086936400904977 -0.5172796965361074 -0.5553690041453391 -0.049423074361660914 0.16014460305799902 -0.7233022229497135 -0.48914627760085577 -0.06726870583442715 -0.19888440687982084 -0.6925438892381449 0.8976188537334131 -0.03574460666948609 -0.44118622806259145 -0.6747914626895292 -0.5084169556326946 
0.2914260553371648 0.8494831719222021 0.08370937626190371 -0.06054675470710343 -0.10741400668185337 -0.07196732752595676 0.07205995644130621 -0.2825821108531693 -0.25602089026554403 0.24971213101703996 0.6330170605110155 -0.48204750288946074 -0.5294562983495347 -0.2777365167826433 0.8217269500785781 0.8548512819749229 0.13824534784947165 -0.6034353388525524 0.025984959596942466 0.7183271974000325 0.6164705696138023 0.2998997122675867 -0.23891148179423694 0.1305673160642947 0.5645229543967407 -0.6249216642081333 -0.30138704398700417 -0.03638845365512173 -0.5387936177133921 0.013050559502485177 -0.427233860121513 0.1036336653774238 0.1629841902109082 0.02691048832801034 -0.0841861985060476 -0.1967918173491579 
0.6599551024917762 0.6964627495129367 0.11003816886609454 -0.010508512468357772 -0.14339521059090168 0.06419247473730164 0.20558646267696207 0.3709626918825911 -0.6280323060379549 -0.2981755740142711 0.7710484924656517 -0.1381003045194536 -0.7497119724808304 -0.29866014461379936 0.795649221200659 0.04199007089757719 -0.09201144266780312 -0.4139502578231202 0.1798211294221224 0.2100712774575847 0.36717434388559744 -0.3784337537617034 -0.5718075232909625 -0.13966290274473125 0.9119648934753205 -0.3365433065407867 -0.332077973853805 -0.2611372561310948 -0.13514662140091385 -0.152147951740244 -0.5610374819837516 0.5113264163670665 -0.45075438437222204 -0.737126390724715 -0.19601310315142362 -0.17433468277845282 
0.9681558237805177 0.07019926281993469 -0.35819461831041655 -0.4888353362231841 0.17087577846784582 -0.3746951442350038 -0.2704737583514628 -0.2173587138006409 -0.2977673037471469 -0.2852800878225942 0.8095267086524185 -0.011346132704142059 -0.20306212662030265 0.08047729244134587 0.42926549074807685 0.6517028770917432 -0.4772043692810885 -0.045960466951677506 -0.5095181091560915 0.6160489271132734 0.2887538644468683 -0.5544439389104299 -0.48395084438768965 0.058301690804989106 0.3513412177119928 0.08856943781286937 -0.24906823629658764 -0.17050661154988425 -0.14407089036010112 -0.6865422110551516 -0.589894511990707 0.30247227139380245 -0.40884804106389466 0.10670325181735922 -0.7532736449166151 -0.2563113580362398 
0.37817784380754166 -0.06390731117046598 -0.29115144639885254 0.21090058935061007 -0.2631966410462043 -0.3578821948478645 -0.5167958522687507 0.1255128444879002 0.18377277008372483 0.09321609183241696 0.5935659256714022 -0.611620744181749 0.04596687819751634 0.003709213045111454 0.5534029281590475 0.19340296945084937 -0.4714742579062771 -0.691558916042646 0.13590338166962837 0.573854067797701 0.24154780414930932 -0.6451448100159236 -0.027522090831739395 0.06455065689599467 0.8935243739364658 -0.13623004817272055 -0.738595053943315 0.24634875620545324 0.05786267612255343 -0.13149922705733716 -0.24538666894041697 0.8787273418353143 -0.172727614462647 -0.2791926898678529 -0.14795480853405846 0.1397864722309289 
0.1999054782329641 0.6518019998986812 -0.4867435958222324 -0.48138393551266206 0.04621965030884121 -0.4850378201619569 0.001985256932133984 0.07554122288430767 -0.5039861680579769 -0.02596227364227155 0.6371646822994272 -0.46442622702167796 -0.6050918103032137 -0.47131196046385365 0.8264740401246768 0.030129660661392374 -0.38308054272851105 -0.7137639996974413 -0.48910196617157736 0.1459114484070702 0.7678274655951058 -0.18576968292850243 -0.42142543654635406 -0.604288671599549 0.5973058657662275 -0.4057392611349303 -0.3470210600295629 -0.4128561206685429 -0.08299250218423623 -0.5851480366064445 -0.668912916359945 0.5588720290394575 0.012904882776386468 -0.5617523663930712 -0.6098465416547165 -0.40665960448468824 
0.8499572382931868 0.6102675186543473 0.14190078646792434 -0.1275632755024605 -0.3481369243187344 -0.24777342403364594 0.20057270186715406 -0.46156687744398056 -0.2804945597598154 -0.1580770879387174 0.8729048823753136 -0.27048095217769746 -0.5863024248532223 -0.3536602130564237 0.254008517554741 0.28455577548401645 -0.29659070658788733 -0.06966329748626549 -0.24001525888367276 0.7584024344222263 0.6397011175335079 -0.6005909564375851 0.025141529744812378 -0.18158349153326123 0.23501676104897162 -0.723635192807362 -0.2708707522507577 -0.4860678597576406 -0.03807639067271771 -0.25664715463275395 -0.6323390869153315 0.9274239216079478 -0.43586312040510145 -0.5835681466624287 0.20482427748600385 -0.4123917624567283 
0.463204189689333 0.4835683416732179 0.08703902190519673 0.11373033426935854 -0.38791655394127883 0.3383655775602348 -0.3325479688964274 -0.2162179533377159 0.1961678460232894 0.24087763975214485 0.3104623189281782 -0.4175186203370051 -0.03142441426344104 -0.2812288917205072 0.610960799809905 0.5548618892876123 -0.3221912842882159 0.041476750273411835 -0.1248311901536655 0.4444387297662887 0.3927937671485244 -0.497817529319951 -0.09185739062422868 -0.16595264576005087 0.8463331911876013 -0.3982226540078877 -0.14438047035937768 -0.36166758244688263 -0.024730792145554223 0.018503099686833772 0.08597294116909227 0.75582637362664 -0.41572211804114445 -0.2474657598036101 0.10033440826183257 -0.384129302598601 
0.9332390793005555 0.8173039954764242 -0.31611980341836954 -0.5262887974197881 -0.10264490038704357 -0.41503868500155994 0.1597105171669419 -0.43388467146595305 0.1793226401827559 0.12323220366728842 0.11328497274039274 0.10719489368540759 -0.27841805844648265 -0.4246177050241048 0.38606687057581585 0.48311448439779864 -0.5834086200984802 -0.22742758398336912 -0.6357803718273518 0.05158490256418793 0.8456184782101492 0.23849460765598773 -0.6770670570730342 -0.6199896701686138 0.3686052050512206 -0.4185634201069117 -0.19202639263470347 -0.7004454292636503 -0.7696387909038296 -0.3609758478769755 0.036472198284258836 0.1991737977713506 -0.6239780184872632 -0.24936813896408572 0.087920454349186 -0.07290585898988519 
0.8235862099360379 0.05555363605886107 -0.3379538507773596 -0.18059856794073637 -0.4293445340054461 -0.01990582460001524 -0.39048058476385306 -0.3521488813615988 0.13418686962791887 -0.16473402526195796 0.7212563236134706 -0.730798944191613 -0.26602681751721424 -0.31129346502619226 0.5178944424215954 0.9078106726177121 -0.557938711873803 -0.6042580801376076 -0.3154352603516849 0.5451669931662461 0.42638812818753175 0.029360221855122375 -0.5439261155323213 -0.18796380420656414 0.38521186851591876 -0.46839698674149294 0.1385935932562837 -0.23819226248378744 -0.1620246237744612 0.11874959786496939 -0.20296494882120716 0.7852063066532742 0.2670154531472209 -0.3814178428836288 -0.3087896849747334 -0.044919579309209534 
0.544748859650773 -0.025083664935416004 -0.25002741359165487 -0.3931799463749432 0.7014922824427657 -0.3855071645214421 0.05355978694730271 -0.8370276794610597 -0.4811353413996382 0.23857047218478272 0.5533419580951204 -0.18626222768309625 -0.03627896104190555 -0.4341853067831107 0.6548154343221751 0.06284790276799135 -0.310768183390555 0.16340321750012224 -0.3873418466267962 0.09552879740413837 0.2435508328507923 -0.40365178756602993 0.06761749881892196 -0.48088965367698794 0.1811893182920897 0.5270437718245227 -0.014427914496864747 -0.5704539983776123 -0.5435339291736535 -0.5109460576625481 -0.7388837750657081 0.5638119165559045 -0.22515124418239396 -0.010623649603177156 -0.3933299040666347 0.697435419238254 
0.36232381178427076 0.5878998680578364 -0.4403081818077014 -0.3198222771225481 0.13387974300067249 -0.21999224197830736 -0.35742595630497276 0.16382490203131592 -0.6428831224728069 -0.039488649212608626 0.4495824716683673 0.07641099948865851 -0.4329568068276489 -0.39075383537796304 0.6239173466249429 0.9470571792525525 0.13520668332820487 -0.3785767143478095 -0.6729273580364947 0.7173687778164541 0.12203258157739479 -0.15969629038645264 -0.005839098553795634 -0.23913704126303947 0.5963429190093626 -0.6590564182435378 -0.08683842709146662 -0.32885369810434517 -0.31274843000468405 -0.1747713610835554 -0.11546793083409701 0.6058615071512528 -0.4387629456326376 0.21643883695858143 -0.7340537125339927 0.16533014505620344 
0.5113865495932647 0.5842437472425337 0.04667040076032936 -0.00554205322388679 0.2896965048755522 0.43798364309101995 0.3872842047317683 -0.28585991504498764 -0.15790643479747565 -0.25857605969427633 0.6674877311285397 -0.261789283173992 0.22612711014122175 -0.11358977853430854 0.6946984746286808 0.0829231295060189 -0.11070648236500243 0.06690146434899993 -0.015141043910709352 0.37682326964582047 0.8359376548400895 -0.3449607099963408 -0.00531887015189838 -0.06457098115529533 0.2620781423549899 0.08891806785323586 -0.5510103138182865 -0.665808632094609 -0.46715569180534905 -0.6946611519385567 0.0692050522579447 0.14152158086772232 -0.41885628339981323 -0.1228251693846113 -0.08326044712879606 -0.47410196978804514 
