20
0.19030919152523276 0.7945301347907368 0.32375146275646066 0.3208013182260613 0.5805522198084365 0.7260563271065937 0.47355211056558677 0.44950658459436393 0.04734562633944028 0.25876757208235024 -0.530028924346221 -0.2659041746504567 0.8812546688477279 0.4275179693934025 -0.17136504407713843 -1.3506899340125509 -0.89712664970761 -0.8601741848093054 0.6000837918455775 -0.023818533642763005 
0.16817071315056287 0.7810387871399028 0.5353089509428506 0.9572670541581962 0.07749416203098031 0.5850396020109768 0.24426455524479024 0.25569701884861 0.47942082428606064 0.6785004374696699 0.46767292130402427 -4.480345787292243 0.05484159204010821 0.7251037718197026 0.8100503108731257 -0.5724501062235683 -0.026483782892424625 -0.23483620097143687 0.1720272110424974 -1.1322318595033993 
0.7037064798234031 0.25278654983122684 0.5315832975381135 0.48630379439225696 0.48235958133010165 0.40237609219707815 1.039944187570634 0.28965078861050175 0.47330841703992443 0.6260372829432557 0.6037590193631678 -1.3561093684971008 0.186704066330638 0.7663227388242292 2.929085342149434 2.336063781819272 -0.6365234592374142 1.1001332874884007 -0.002581069157632765 -0.2484695731799494 
0.45166722958753697 0.7579515500766174 0.9815603348239361 0.5410295310215718 0.5553206593215343 0.09325916208289174 0.5366503469961846 0.9785273375856774 0.7763986582789532 0.32262212810961577 -0.9256205863762026 -1.125779018246141 0.5722483004866097 0.9293146865279323 1.1170344133295866 -0.25648686402584997 -0.7263280883099845 -0.0334603576439123 0.4113621119226852 0.12435184112537279 
0.4859637641562586 0.506341692242033 0.2002622155981877 0.981470235983319 0.9509542801956626 0.055619959884719065 0.5248781769985349 0.9398236399704634 0.699867480633936 0.7947619444543267 -0.7727063678001113 -1.4652773136309132 0.4635774530400271 0.4199112333918256 -0.23645020322003213 -1.7054081654406996 -1.2746502585423072 -1.7178493476930186 0.8719008559840626 0.632446855155273 
0.15394433487450973 0.5551414675453317 0.1997400506867436 0.7487380642839316 0.802246637778694 0.5746577621790842 0.2503162041331871 0.4866261785872304 0.10686345561787905 0.2606300314331951 -2.495483382409184 -3.301818219355544 0.34656232429635425 0.5670601996519187 -1.4136907984280562 -3.7818920421050266 -0.8338304835711098 -1.95375592217531 0.7372564259712251 -1.936398837179914 
0.7287560390006917 0.023956040398234006 0.7658936738748237 0.8044425676153683 0.7690321543596654 0.02684194395595135 0.20600731673687905 0.8138159400798971 0.9146897313606567 0.43081553591580574 -0.2401708772169433 4.349689657389578 0.47258524755170483 0.3337895694576627 0.0022645882028020934 2.5924586169422215 -0.3281202521735768 1.6230080333169907 0.8477040444595676 0.03634811761416861 
0.8168523224837874 0.6565250971695724 0.30944585611130554 0.8976441321712447 0.46762984657192597 0.2521920749537589 0.22052385161061308 0.3813326827927928 0.14266484475225547 0.8185934965639249 -3.352238785910579 -1.3512388641930566 0.22343088357568583 0.8032661529840425 -2.6966997105073434 -0.5874066362633855 -0.07849289524924201 -0.31275533837232444 0.610603547832176 -1.0179419460592845 
0.28452818884538983 0.20815433710226422 0.5270518099513665 0.8693834804053541 0.7075988474407983 0.5498951496995781 1.019385833298456 0.25976572275286064 0.9583875713264154 0.7538533375872315 -1.3821272574329158 -3.0287276212109715 0.18539952473232915 0.19839539237343828 -0.0697274133161024 -4.585339955994434 -0.609870178439304 -1.4116976173887004 0.4038194097688473 -0.010720243958122214 
0.3497449551504242 0.26453691729870793 0.999824622378517 0.9247703088833061 0.811085748859924 0.7361165917775849 0.3114373092966063 0.7007271146877082 0.232873380487473 0.9508768830818383 1.543867984221101 -3.45399726827978 0.806426464942532 0.6009728644915389 -3.535172735242549 -0.5814635516613392 -0.5635389426159196 -3.0502028358801097 0.7219738984202555 -2.21041235091708 
1.0251432011761292 0.9420149538499125 0.4301199702709191 0.012644210068622635 0.2683095463624184 0.07419016291228069 0.2578858063675927 0.1625535577806252 0.9457357412900648 0.32645787382832286 3.328516496210754 -3.0080639674828755 0.9772903965471834 0.6017235554766666 -7.19635730640132 2.807900720124859 -0.32675284404595134 -1.8349004235213355 0.5663414659883669 -2.589069568299797 
0.3266311702273383 0.8128160593603904 0.5922740187593981 0.10582860939424116 0.22051319004172273 0.807396492344497 0.0591708573911853 0.27250438731150073 0.23445861214382693 0.3407298303804995 -2.2844411325225917 5.781411845978333 0.8869520843651171 0.6246931152240601 1.6772349777996283 1.130199982484466 -0.02180826274724035 1.3462743411826434 0.1960096425793638 4.682769654454093 
0.5285541668704427 0.9047369942960232 0.8746863463590321 0.5021079968782342 0.9284954569665673 0.10372919156085963 0.6208418217393437 0.39920365235406047 0.4530671998925844 0.23823237914372672 -2.899032880778687 4.173985158224324 0.9581719853912145 0.6239527506233781 -0.9415419194555844 1.0873162561093928 0.2884228450548418 -0.13890439082434314 0.7160579558161415 0.12015987000015921 
0.76650675095098 0.5788936147813425 0.15860578780962756 0.9028704317682464 0.621758454080968 0.7862751636571259 0.7042342579343734 0.3424829503993021 0.8246433002515574 0.8635662559864652 2.4362467580417833 3.2328222543103573 0.906937374677159 0.6373170904244263 2.9210210964312173 -0.7369482031024138 -0.7056758182687813 -1.1122705844564853 0.7940657433882329 -5.8210727814532905 
0.2467255089573991 0.42466835000883585 0.810893721760579 0.1523666048721858 0.26732007653120093 0.0076852830097125895 0.024033052804690924 0.96594148349798 0.6355609518820728 0.1146888041512436 1.290892859193889 0.4864236745720818 0.42977829158728686 0.6570225697893715 1.0533548274280848 -0.6785322194294477 -0.8834178706007527 -0.6762183259950587 0.9425105521964856 -0.06679573532392502 
0.3484438526768715 0.08753384319238346 0.7413371880498586 0.8969707719218813 0.8837201148631354 0.6885756487590503 0.7589630628503945 0.7209802745259363 0.9372826189045977 0.20029664255728077 3.392212641686517 5.242573367883204 0.31774329345744384 0.27184209900583334 3.8622067223937653 2.6224886926315327 0.15204297591282523 3.320840419343107 0.1651981983045276 4.880760840005638 
0.14589454232023621 0.6098876571736097 0.7455542933420517 0.36942113704714075 0.7885873823958756 0.6207151932678936 0.8863620797906224 0.9284964615302365 0.3707780345334509 0.8430180270905046 -5.6264688088845425 -4.150419686911492 0.5636217807596968 0.9302435002879138 -4.850871224291956 0.43723304817851016 -0.309462472455106 -1.22294453234807 0.8143127756325911 -0.9293648637308006 
0.243642033052657 0.9152606622197226 0.9120731511565682 0.6844768917741652 0.07952919941432228 0.8626937026987925 1.012391249882608 0.5924089733850213 0.9684264645247517 0.07396284473918756 -3.6683733245845147 2.7170140413975785 0.9050471760060169 -0.007582749904005438 -3.1560526553173007 2.222425368795339 0.26171410096460335 -1.4047226661292986 0.8003187286330916 0.9762466194668418 
0.8753007137232 0.8277343889518083 0.6195624193177961 0.9420154881526945 0.35295092993150795 0.7133178275985009 0.45405855187109423 0.38218093323594887 0.23750773530191563 -0.002632199962803329 -0.6245787880817308 1.9727804647542349 0.5165283058789292 0.7124385037554726 -3.390992501222191 -2.572283264977774 -0.7259256041984278 -3.2386674130938924 0.6255546536123987 0.8935383055104764 
0.8110102144997989 0.11253765998245224 0.1859980770621231 0.21516178410791797 0.3009858147940989 0.6842210752534039 0.1449403790249742 0.5097057652459518 0.7459984706908606 0.4322738561822199 1.284457227864809 -3.271015004275032 0.08653536514023771 0.8278769776437395 0.5428787155489205 -1.277325659415944 -0.10393290323524351 0.9738179080504333 0.6659236543083186 1.3141295394507582 
0.1095905506439418 0.19800550686457574 0.5172246043695149 0.29043763792434096 0.3900951961061207 0.7092187206882276 0.6006301825404559 0.18174781566034492 0.8605980833472043 0.2739260402506631 0.8485493865771648 -0.7179334008933832 0.2574263636707816 0.5321535860782052 2.093324060291065 -0.6779612089681187 -0.6801452713503018 1.1849587318997645 0.3791031427423636 1.404436507949712 
0.5235064272332254 0.7723293156927223 0.9038243786148411 0.7450352501718258 0.6142392371164825 0.7889478234771807 0.3007297879279128 0.4240097809915029 -0.003475751793364909 0.6518513389595914 0.5067250689308536 -4.269851310101665 0.3533659458228995 0.3490610123067869 -0.022357239842868172 2.1250163336480306 -0.17344886065797713 1.5894158794164235 0.39923256466346524 -0.4261554463697238 
0.4498845035441047 0.7803799686709699 0.7223620574188819 0.3994318100188134 0.09998163034433284 0.9066200757628917 0.28285238604763774 0.5545574211507207 0.9075135175977198 0.7487991963346804 0.151997045226906 -0.46752546850604265 0.7453726266154445 0.6410034463804853 2.78015843860881 2.3127802920629796 -0.9268844554802083 1.4439856736243344 0.5425419813118876 -0.10543517987085428 
0.23063752414859748 0.38110737192626837 0.8410725308511761 0.6685101504339559 0.7734679283594704 0.17276645959420195 0.9922154575364046 0.5615643438991816 0.8647668671878951 0.36634822852947385 1.127674246406733 1.696351498552708 0.04573585465254689 0.4326220685104977 1.8783601773748326 1.532000718886201 -0.6651156854661966 0.2504319081680447 0.6713110739949257 -0.8512258601318821 
0.693043349199572 0.8493670456798966 0.586448715864478 0.8821996933339823 0.9269826172664679 0.4012317582267119 0.8184015899292567 0.825366030869095 0.8658496804194769 0.10916265320542524 1.3480071245269023 -0.19967054480832494 0.6969492445563094 0.6620921757630318 0.9362773424787617 1.9279939300830238 -0.3288470534627946 1.6445708135953803 0.5198123984015863 2.0513652644306153 
0.7035611592677684 0.06481984353601887 0.3533696537284561 0.642940016969194 0.0307694326406145 0.6510059247884964 0.3081848836852609 0.03331892307103014 0.19289100381388294 0.772110078163318 0.07815881146929338 -0.0998254983241269 0.34432513695640776 0.9900314422669628 -1.6698379533918615 0.7331476081745048 -0.008078389148391858 0.34827382100407184 0.20680065235987322 -1.9435402139967486 
-0.35630589710642385 -0.4960524869267564 -1.0085528950106377 -0.5973261485341185 -0.2230509773945959 -0.6226893891543138 -0.4414970484626733 0.3511177941558107 -0.49624351163222247 -1.1427158829312383 -0.9710776342008357 -0.8652369632610645 -0.6073130380080588 -0.4612288339333071 -0.47337168646582056 0.07380501030316283 -0.5592995243909861 -0.6589173758110081 -0.2187436487264917 0.05936796081642541 -0.6367136970236084 -0.35008086939884153 -0.8434305760538368 -0.020462602494014263 -0.15762656086078028 -0.7931701046555203 -0.3728217218981477 -0.565591042057794 -0.4291335509048693 -0.2781379343806237 -0.5409020419005506 -0.7673519358121708 -0.11693739005744778 -0.11270081421769869 -0.2884828525667986 -0.47040405813791125 
-0.498140673750209 0.15444052720774512 -0.8998922627800513 -0.9175518295260418 -0.22899616549043963 -0.4162413623531315 -0.7203325749218841 0.5338582902183956 0.031646246872561117 -1.416974342197753 -0.47882060333676296 -0.7901777575949803 -0.05707244947213355 -0.7219677341750067 -0.08193263310137235 -0.46535526712010655 -0.6689183117264341 -0.5107889066130075 -0.22930486744949133 -0.7059728287041911 -0.7307308269656814 -0.7848361015091643 -0.0603796938908579 -0.6159560757800506 -0.6077179425347975 -0.6793116480775757 -0.5335342675743207 0.07552675948981197 -0.8107624178385016 -0.7482351702266168 -0.07676382848511988 0.09172141551969569 -0.6365516431458144 -0.3601608426726983 0.1441831046807082 -0.47289686396407893 
-0.36806126199297523 -0.467953162497927 -0.7952245862526979 -0.4883575347247009 0.3934650159634122 -0.7473550032159794 -0.19715974715211884 -0.0796374076069972 0.2858377832000669 -0.6355676950006836 -0.14579917435428325 -0.7217267366938336 -0.869402115569442 -0.16663263580774695 -0.8394353322241822 -0.8793135536572284 -0.3697548259354334 -0.7508478803357042 -0.8096316695423507 -0.005522177683256152 -0.08392899156175743 -0.31204297716571733 -0.013560146393094325 -0.004785443865821356 -0.7242071867846516 -0.5859799535480632 -0.4837160573091316 -0.3779380043560927 -0.34619943429689587 -0.7379426397640145 -0.3009657459376147 -0.15940083303809136 -0.9635744697642133 -0.9273707940779883 -0.6724870612551772 -0.9478211580707024 
-0.5746270126061456 -0.020218144043469888 -0.9068094993665032 -0.4343816564496968 0.44544472285014786 -0.8900637474991002 0.006944911032027552 0.6450047356504296 -0.5004531958134737 -0.6187573797808924 -0.09483769861720653 -0.16490586814202196 -0.9092508630305899 -0.009273492264327055 -0.37435426217498513 -0.8788621299777993 -0.7457568120911211 -0.24532948769047647 -0.65779780905586 -0.8185989943389219 -0.20906790466470931 -0.40945865863491143 -0.6805015147252508 -0.8291342064264237 -0.2643253017382219 -0.4990076372744346 -0.5523039253006791 -0.6901465017310079 -0.07511520209250556 -0.2507883782670926 -0.4011617401013627 -0.7913604837320436 -0.6436428374729993 -0.1253437370816993 -0.38174833188204577 -0.4452352627620948 
-1.0915761682748675 0.1971671302924117 -0.4626923676291695 -1.2564038023181217 -0.4013538452589023 -0.30401727030859543 -0.5467937964444425 0.43614776962583196 -0.2974227640406707 -1.0431383618450314 -0.3082218009054805 -0.7109278570393904 -0.8493466194514391 0.021440519306647435 -0.36980310725372806 -0.8407244004437681 -0.03203144512526397 -0.44097613406071484 -0.9798387519148188 -0.7993554839501796 -0.163140274917986 -0.2739091360082115 -0.4800246528858758 -0.5410267102062745 -0.2478724619451466 -0.4707709879977121 -0.24464838300818553 -0.4510729791234466 -0.5806290108403719 -0.345029915266817 -0.17146919598808238 -0.8349504502629481 -0.7719960485578338 -0.394197054392194 -0.2856469003835912 -0.6641197525731639 
-1.2497588684910275 -0.6242142382567993 -0.4580162650627504 -0.7336035807942738 -0.37429685301417376 -0.18330920948103327 -0.6640577430025615 -0.05142444131130368 0.0725890893916268 -1.2854594223117277 -0.039299695132212896 -0.43218939973211123 -0.2459913891092819 -0.7939261701908155 -0.7909593484014372 -0.8242396477994154 -0.7693421339684622 -0.8072356256391496 -0.5240578523937699 -0.7615469579583587 -0.19711500617248706 -0.48045380695424217 -0.884757141344083 -0.6275450966477512 -0.03384063745500059 -0.28479909373229695 -0.20394492480547985 -0.7146231286500991 -0.6558388018301302 -0.5990988067647288 -0.30924559175306665 -0.16974572210381533 -0.36742431023501926 -0.8419788856129053 -0.4033945033757965 -0.36389225223977134 
-0.584061993060895 -0.5373231130128008 -0.5869584464929988 -1.2984708072403501 -0.08896493431070249 -0.1749661601379682 -0.20523296816869668 0.7124480849699515 -0.5679476588979836 -1.5340873072552885 -0.34541315932634103 -0.375935076838802 -0.10255025965887361 -0.6277215107391247 -0.6169675744412799 -0.10254132167579809 -0.09545753694468578 -0.2693766483905615 -0.4014985626161085 -0.8254209455616761 -0.698205624398564 -0.35382762371422577 -0.9659862594116528 -0.10025794645189386 -0.819550591385972 -0.4920949899736065 -1.0868266589347448 -0.6719712970691505 0.031563989219845726 -0.7641794854520539 -0.4125628895684749 -0.30887047402988066 -0.2320628610019281 -0.15828734471522302 -0.787135248276919 -0.24170947635293324 
-1.0715236968398087 0.11223524585518078 -0.6382980530800428 -1.0056922113707942 -0.13825550541558626 -0.8574419645437232 -0.34084247375534554 4.0491042275032576E-4 -0.32986440077811363 -1.3351896525346805 -0.875744480259354 -0.6721907275520925 -0.3788331966501507 -0.8108432336797315 -0.16424254537678643 -0.19880964397849654 -0.06678668749941355 -0.22248200083180772 -0.44658539729958635 -0.16294996133822173 -0.9722199623817789 -0.9492613232940568 -0.017489563992619306 -0.5961078863910644 -0.9849497076872046 0.012250818289940799 -0.6060391861269121 -0.5907263092773355 -0.23950323332255496 -0.011746150943084583 -0.7590317399137041 -0.4616038338558474 -0.12490522050545436 -0.5215234974764663 -0.7245265841523788 -0.17634133911013614 
-1.0572540116196856 -0.2960180470849193 -0.436344304323997 -0.7487261535801031 0.04481943053949222 0.04595727266239183 -0.21991053410002423 0.2204391099380633 -0.07283687552690603 -0.5750953359506685 -0.4943641744347806 0.0725275667255139 -0.7082546745901693 0.07054066718118834 -5.781062408989397E-6 -0.7934832741517523 -0.6783548755054774 -0.33262335964597317 -0.2626683328778657 -0.8702073241004629 -0.15940861792124206 -0.8660755059670161 -0.2565469426265905 -0.25151284805417523 -0.41809313472106036 -0.3433031075447223 -0.32123720776880327 -0.2808258457606119 -0.13171946469818024 -0.9526574334038447 -0.7384897292095991 -0.7039095954391531 -0.725222010522531 -0.604117846651487 -0.7125743206189873 -0.707442301994611 
-0.8902506296606788 -0.4345357110448532 -0.8053643521818483 -1.1332178093181964 -0.4773494592012505 -0.06356151701384752 -0.2364881319897081 0.17105569021624975 -0.03603875758422128 -0.598297106968623 -0.9771360636268104 -0.6977515885733827 -0.10514894342004813 -0.8163210864821913 -0.5762446750968327 -0.20874656526138122 -0.7380424932299255 -0.3966088053209606 -0.6855959315715915 -0.05474659255730319 -0.03175914815865933 -0.9116812193604398 -0.6669462212036505 -0.28776121516800557 -0.38111616218414224 -0.6218456378697363 -0.2822159855227222 -0.34525464218022894 -0.4380399778472857 -0.8327160086728744 -0.8139908567208871 -0.3033773638947729 -0.2253857929720535 -0.7288391619999777 -0.5622673145995283 -0.05333810639571745 
-2.8570676313229497 6.965813266473218 5.649148015923631 8.91628574485486 -10.08544398441448 -5.438734770875699 -8.616970859727518 -6.3498808496083745 -8.611341759282745 8.20936286137503 -0.7595313996162516 0.11963239963909562 -0.6035848815488019 -0.650258654285879 -0.01550133866760687 -0.39433182021705726 -0.8530605782649672 0.341210890471475 0.19167193569619922 -0.6368349328833339 -0.4833419461899122 -0.7934943511099128 -0.25274233132320456 0.08287912800992649 -0.514271902017771 -0.2887482816192845 0.17465471597178642 -0.341466338160542 -0.2172545288117071 0.0853744189819637 -0.019968363262112935 -0.3392044977485321 -0.3745086743509179 -0.5565694925631366 -0.5997011230126855 -0.3015677928443209 
-1.8492009635188091 -1.3993312456199833 -5.682103912735226 -6.16722603466771 -2.9922532126392176 -6.0384334282916985 9.574018505707624 -5.285416436614376 -10.636190757727917 7.725890147926321 -0.8090885717429029 -0.2361787897374214 -0.3014337654366447 -0.4861330344494801 -0.3741859256325821 -0.2682950948525058 -0.4751828662594947 0.22641138222047674 -0.4944901602796656 -0.6863581995257767 -0.23915950840142247 -0.4829192644123599 -0.05571462471857982 -0.41531182500615316 -0.22173536011435813 0.04515268435853522 0.29835207616876513 -0.5985023063082161 0.21957390336403132 0.10039875696005694 -0.07571939705744984 -0.5392247841271564 -0.30931900863047457 -0.23305643398618642 -0.4526361219487051 -0.283550458118413 
-0.7929491136387103 -0.2053716519187052 -0.3241150199446761 -1.1431487434123468 0.14690279581040802 -0.7763870099821476 -0.9141414727769268 0.8187580999317439 0.014311738167938593 -1.0077537466854032 -0.27455180823160813 -0.4715718616793656 -0.3465575457474722 -0.03700644526540214 -0.6482689369824546 -0.7094328942180516 -0.42851374137498843 -0.22038432655098703 -0.5877407049814498 -0.31950807336872894 -0.5895971634471165 0.00244867705388112 -0.44013130439564185 -0.5839037397546257 -0.0261932040853615 -0.767786195565576 -0.2350790497241381 -0.49691607850945874 -0.8005593722451264 -0.06248584375892942 -0.1988199160112796 -0.6940581292464124 -0.08109067066043155 -0.4170967252547655 -0.32113856853310874 -0.6307281232332453 
-0.38663919420130805 -0.6200683025865003 -0.6038934030224437 -0.9801422658918915 0.5301200169878146 0.05843539489976233 -0.7185001539247695 0.5396724527194197 0.20663372563800622 -1.505805545798556 -0.5912371429672021 -0.21122764759914564 2.511985207786031E-4 -0.747664626925077 -0.7295192388692501 -0.0861921832031622 -0.7482199877505223 -1.0191954403233807 -0.3842169786066817 -0.4944047596605468 -0.5672440376186392 0.020398942865175157 -0.05684760395066455 -0.7490198930445011 -0.9595443178443794 0.015622623504771053 -0.9520659689480994 -0.12251961381163064 -0.6806539690531739 -0.09138336037144527 -0.47977149762956933 -0.1286594241090027 -0.4897169718647317 -0.001168023689279203 -0.3271727110808122 -0.4626577072774083 
-5.54463994939199 -5.823245452252281 -7.027280646195383 7.208499880161145 -10.643799606034184 9.802702706925528 1.2059059855016423 -0.8041073459705388 -1.7887290546914087 0.9138330676100059 -0.510352454884879 -0.2612071323427744 -0.03767922796662788 -0.782573985479508 0.12451141891361968 -0.5258485525631124 -0.16125932951996416 -0.7110698909234598 -0.33862082989794284 -0.6571228958665138 -0.3084429633197675 -0.0011083619860471705 -0.6145241194080368 -0.7634087767765861 -0.329989015645773 -0.5020577195804073 -0.06879169554667638 -0.7174174178273335 -0.6373063628891319 -0.8506834217127635 -0.8068919946417489 -0.515018767378145 -0.16255146441655285 -0.40730052391587396 -0.04405904491898058 -0.21565306188797773 
6.069871539228841 -4.763759965493179 7.326496835401904 -0.8673718537578083 -4.084910117690491 -4.467570957124255 0.196817531650518 -7.075143184485916 5.4977716717787155 1.329715016344343 -0.6718743063258967 -0.1286855646353113 -0.47203030805997487 -8.129884837308546E-4 -0.20088674110224652 0.11936905192067516 -0.2754937033896836 -0.31530307534638513 0.15971616741341818 -0.29168434741245064 -0.06521202098500324 -0.16025746917851583 -0.27073666237068283 -0.20479195440191333 -0.05425628991148299 -0.5903728852713682 -0.12701879430370802 0.02495692307199604 0.12368433546065623 -0.2028495016301697 -0.21578857479177507 -0.2189626985361303 -0.44866250095231125 -0.048017098655066225 0.0097000471106023 -0.5794611154748499 
0.9707041426539528 0.3224115111017232 0.32498665350131367 -0.01456101833444802 0.28650454486773036 0.8086998508368237 0.512978080295387 -0.7722999873815614 0.7391950943063267 0.7757436030656579 -0.0975485631278403 0.831412312747348 -0.6992144428943416 -0.1953816448746688 0.1983466036645597 0.9139887317653244 -0.004572136762151774 0.3123037528207377 0.7246778716410895 -0.07826398082081217 0.5315331652795302 0.5520057904612187 0.07822141016928384 0.01055334267177036 0.27653940304010993 0.014518086798631778 0.2821926668634324 0.22198176078328202 -0.3906307377144532 0.47365179162535154 0.70236256444962 -0.26063334771477203 0.3672916096712454 0.7002703168399552 -0.24220845730996157 0.0435492737646297 
0.5899214074963105 1.8892878231785577 -2.347997989907034 0.13335925961274656 -1.3833748841248616 2.49857068684408 -0.14555705587313675 -6.755751232023386 -0.06668100282523483 -0.2585797027574076 -0.11946881881078592 -0.03232607079400294 0.003573409391808698 -0.3085893939407314 -0.43759146084850387 -0.7360922790791262 -0.16208927477055945 -0.4873129929914042 -0.13569473223927578 -0.01346502278131646 -0.5951739138522651 -0.403047582716084 -0.5045742089590105 -0.33245518269438384 -0.4911057363599373 -0.6521080309508991 -0.8951708146863191 -0.5629126492232278 -0.5520182946750232 -0.45900212512685573 -0.6408728146850446 -0.30853928856648355 -0.9194972120362958 -0.3774507994297083 -0.5869813351909047 0.0014672300959742005 
-0.7416332728810356 -0.6784992451243722 -1.0567531024346564 -0.8589613008672216 0.34032945292065503 -0.022648623154611237 -0.37930321503601105 0.07400339786383403 -0.6693207651633137 -1.3553466656207673 -0.0415937797076492 -0.37393018922225446 -0.765830070508572 -0.67724854208415 -0.4550320456278614 0.07863759881238697 0.0041681921865085745 -0.3633391604354053 -0.4108567535717492 0.010521418029032913 -0.9371671534471382 -0.16339844127396402 -0.2781267953811536 -0.722552627040709 -0.3293009788818939 -0.15210012593106073 -0.3822570994588428 -0.5028550251706275 -0.7355596450526561 -0.5763636635634067 -0.5705658829902703 -0.5881566228012562 -0.11380933860868363 -0.6145419783196306 -0.4804644967669809 -0.2956590836421737 
6.243573189876938 0.19998680063625884 -1.5241340851875196 -1.0600753875945406 3.343751791972212 0.5089365856904404 -0.9411563148985914 -7.405103079724495 -4.1537906324886205 1.1586868589090242 -0.2102068613970936 0.1893155925157465 -0.5901956648027401 -0.0719015864099758 -0.1642052136566452 0.13891844607855847 0.012557461235185948 0.640307261977215 0.7042977424441982 -0.5624865363691957 0.4329043714867876 -0.13606842097226507 -0.6412741996863593 0.05715034996572051 0.2857369552475476 0.02064375430435826 0.5693657065938484 -0.10511451954425957 -0.42157327611424467 0.8119045859660597 0.03710976522554451 -0.06163141058472974 -0.5736336253691334 -0.3127538767596426 -0.3184103890510455 -0.5121723438586897 
