20
0.7228629300220345 0.7383972450101927 0.2039725001156179 0.781640992775694 0.37032704765859753 1.9599218467599473 0.8386464466334486 0.8661393904116055 0.23689422624024736 0.6159970049391185 0.0666201067060773 -1.37885994776524 -1.5195273295373752 -0.5183048528912876 0.5465533829294946 -1.4257732121190323 0.6588113005741977 -1.0757429666230234 -0.9014908720939175 0.9635174346063798 
0.996725328817128 0.6719900282283024 0.7490125544992109 0.3851841295453839 0.6907348035750852 -3.3998272657914383 0.7610655219856876 0.28258770722813015 0.6923167744009971 -3.870193858180734 0.5965377668743671 6.777604633096766 2.805356869873453 0.3484703909414047 0.9441218571090461 -0.16100304959090617 0.3582668054236015 -1.6859393121675241 -2.25624628450988 0.429773113427567 
0.3541722961166487 0.6769635869692421 0.21411257108465237 0.2743724902690739 0.030972789131754608 -4.492034533119625 0.19018509563616104 0.9038826173457369 0.5417851989374517 0.9553926203322516 0.16959146578813528 -2.5988103265940805 -1.6296306218979684 -1.6769458659898435 0.9078877561588414 -0.8311319684836128 0.9452229110851329 -5.58906038507698 -10.029265090921028 -0.8608304380162897 
0.37412261625628324 0.13432461210869578 0.713552845326701 0.2929842063531679 0.1354503969128328 2.576541261314822 0.29009282372055234 0.6729354698847081 0.550010494276 -0.6925626255285449 0.3290286305926091 6.459551145388297 -2.668568517884546 -5.179961728618333 0.6362203438897781 -0.5293199269490623 0.4430108093459238 3.7898127306821334 -0.010286618384492671 -8.018564855173407 
0.8207514586261824 0.5458955615847577 0.009231206897333711 0.47183175725994175 0.7249858707389668 2.1960218918221592 0.38501303457393526 0.6996096755627927 0.742010271387886 -0.19701984560443334 -0.07651150284239319 -0.8852340640348914 -3.5370102932555985 -3.125768584268971 0.8251190200596888 -0.5587661901120494 0.7777876148895163 0.9421444034883121 2.2768339156391253 -2.0939565730354333 
0.7512987289837572 0.045538164766315815 0.13864076273975523 0.27873332867735917 0.4989335254655535 2.1088532630111962 0.4519310936517955 0.23718699186354644 0.6960290570889718 -1.3951083620361484 -0.0367954927065378 -1.6346318619626183 -5.615844447281453 -2.1586085771578345 0.8150177071504515 -0.2297444029872464 0.21315515828739487 -4.626413309675069 1.4119340230176107 8.575973029121803 
0.7254960478809891 0.03869570148319998 0.24384982771917665 0.1666255289762413 0.6021563341248887 -1.3416168882007347 0.6328533872049947 0.23472159162888728 0.48700244220607336 3.4477742613702285 0.9499435104866791 -0.351676758380449 2.010273317856361 2.491366631515877 0.20549843203774984 -0.28206466435468536 0.6012848358211588 -2.965657104868965 -2.7924145673929233 -1.4342610003308607 
0.7223042251683037 0.4067019684073689 0.4902666107791814 0.1611892766210694 0.3299895118655392 -2.2415219600219167 0.047121541449918425 0.7159241679235038 0.5213374814945869 -0.0733318036702977 0.24650247748677567 -7.005762167558165 -1.7894230452926805 -1.6190632123731075 0.5186462211232749 -0.11886097804277697 0.41151424670073655 -5.118429111581353 -2.396896800256117 3.471751064497394 
0.6339585672518647 0.055679748614690765 0.15069740973715412 0.4665992236060545 0.9056281379295357 -0.8568282358099819 0.34188112028458667 0.2644512185074573 0.4281149750046514 -6.647655143367416 0.604101755094684 -1.13693207421342 -0.8675895107111294 -3.718198151015827 0.23199228988623546 -0.14910789002107339 0.416172609968465 -0.7458055608794962 0.2819028611935862 0.8586094832717722 
0.9805454244500438 0.5668144901971658 0.8233811920549866 0.6007458824982022 0.21980286231310908 -8.626368308068354 0.48631355467696535 0.42371257182766425 0.791190104151414 -2.745724788471583 0.5218290610298115 0.3058812854239082 2.512045930659778 -1.160577941753404 0.4021629904989787 -0.011777642444615108 -0.03553929745390967 1.9650896457989673 2.737600010068004 0.4802710618704443 
0.4055409976811329 0.1531076202252912 0.875072028701069 0.8237300471932371 0.4249189620164666 -7.44023177221682 0.5245294190634705 0.6826092161492004 0.1691818625359102 2.379968469258052 0.7753514318778897 1.4072844452479016 -0.2642515008550979 -0.8950010300284148 0.7649192344269578 -0.09017736644176753 -0.1152798194449384 -0.09599762113826697 -1.8984410366464999 3.4496313773802596 
0.03048241436820273 0.17831576940792468 0.6476414653514224 0.6169647562811124 0.23643509687874822 -0.9524406399383316 0.034123791401154104 0.208864291375969 0.6413852223246224 2.5146979186628022 0.3174200146859694 6.2817602687239 3.3305235186367703 3.416656033970772 0.5921908893247775 -0.8352089131907757 0.22435191423515027 -3.679141686867326 1.9997094014252714 -0.686630591265255 
0.007616740355679096 0.3432596415523557 0.2321748680507032 0.03804575592778068 0.3737949623725295 0.4879716762036933 0.7728190531261304 0.09219964427599558 0.12421508411822137 -2.2627860145858154 0.5695935338588556 -3.1824252211513677 6.415502701125473 5.934007674152491 0.5970627640821531 -0.47571736707855655 0.03183486757995759 -1.481916754197736 -1.4029273059450051 0.32863951444223605 
0.011758539532272547 0.06149608763949794 0.40327515566008787 0.888126341798965 0.07331446873047423 -2.3279569501228425 0.14738789403869512 0.9827995081603861 0.7637344949273244 -2.701905307387604 0.3496563312436835 3.671643641881792 4.998437136500981 7.904383447916521 0.18349553719129372 -0.2715248476951579 0.924994564064363 4.304185941687384 3.182836369656949 -5.958021312098786 
0.6583476132691447 0.5151993122121769 0.22800633572365014 0.6332290876976908 0.2635692393238839 1.5691374268651184 0.3360360442062164 0.7520490006189803 0.9535055753464882 0.9813766192779263 -0.03176661221130722 -4.838917031942479 -2.923287471645291 0.9394177027068719 0.21936702152546894 -0.9722465442678216 0.31728509747275824 1.2476080157240639 2.4615421487770597 -0.613225519906199 
0.8217859610247795 0.587516999525155 0.32019090201185485 0.13571119509699248 0.2309878884470723 1.240766234147566 0.6874701174700925 0.2931497857933701 0.9556864255846227 3.4486189848633226 0.6642440002394872 2.7976960003058466 -1.3219219082521272 0.19246019093969574 0.8068613287317502 -0.22778532989445463 0.618990598894572 -7.993279014338336 -5.175989096153678 6.214451516748363 
0.8947661212559017 0.2821293188716748 0.288484734214696 0.4396151776752239 0.07952297153746204 -1.0666655830037293 0.24196208737629862 0.7815613817673123 0.981524533652662 -1.8582948024043917 0.9165385899731017 3.536281843819034 -2.282349860452597 -1.7615536438404265 0.8481542586901032 -0.16087746047830687 0.24946640738718995 1.0275370333089446 10.310250937930142 -1.0754074551104054 
0.21408360035994334 0.5112161170767338 0.3106509502225937 0.4871605767837732 0.8217685551206061 5.499554136104791 0.602427408981893 0.4655698740954048 0.8558188642516414 4.998986072214874 0.6973840638613152 -2.7828243817053986 1.4852720032026219 3.244099565447338 0.11502601215406531 -0.745979037654911 0.3566223487594725 2.0711225902211345 3.003001029753432 1.0473084928657392 
0.03663795460521556 0.33308584824074244 0.9797873929677798 0.32678283477746156 0.7117118876798725 6.08120218748903 -0.06086084545180608 0.962307170091391 0.5048766647294485 1.3548480909343568 0.4630243284098487 1.3333938221589619 -2.692767828084646 0.49287883640099656 6.864625004478797E-4 -0.3428607517752235 0.8314326937744512 -0.6619816390037311 -6.602172643266707 -2.3551473165083645 
0.3704238350870142 0.4752402063813547 0.08773142084205118 0.9782185908370136 0.20682819280451975 0.965819791454364 0.3829213435645199 0.46439494617327975 0.8641671659927613 -2.304920533609158 0.35818899205034394 -4.716907318047402 2.605743063146944 -1.0460467183703042 -0.03308960103621812 0.036682375650410215 0.20521230188671463 -0.11338287411518506 -6.7802719483741765 0.33533217678261834 
0.9125422090982617 0.23237397128602316 0.011692773460901935 0.7759005409125783 0.8898230008320064 -4.678825031527047 0.5777449349981918 0.8121766896224275 0.23162456513463975 -4.072410273556357 0.6203068122921078 2.5963884643541015 1.0080378096310731 -1.1982729161946024 0.6170730922849642 -0.4408855309692381 0.2025843789298015 0.3070326472379489 9.855000259939018 -1.050892666709132 
0.09336841718190543 0.5506166112824885 0.6087370875763908 0.9241622066400699 0.5877122244527412 1.7508691703209376 0.6882364740441399 0.6504738344432133 0.6191881048035933 -3.737319839876317 0.7420276074682509 3.7693384032339807 5.248620117317696 -0.20598027210821615 0.5035924546007303 0.5185181228050505 0.6682600975545534 5.493132498223011 0.783204676848288 1.5336865450242063 
0.07425979634940139 0.4941911341958006 -0.05849985925805013 0.8483990818353329 0.762637342930842 -0.021091227476476203 0.500754887070889 0.6164388379065364 0.8711541638005584 3.2520226417324514 0.4357989044631284 -3.991814343459364 2.9903037306691695 2.337482241727575 0.5744833291654866 -0.7336182111082018 0.9512736816624096 0.23461102018095548 -3.308379105510357 3.7055286871960944 
0.8561847726592945 0.5662503108368713 0.7423467674730491 0.018145141590793022 0.5384544096075071 3.9660774970841586 0.7610768596058393 0.6819282768602183 0.08331095750500417 1.5847419738874158 0.7385179402461213 0.7170830833296242 -7.54412721518118 -4.7104534225472605 0.023230423813637078 -0.9467865826281426 0.4712490301303883 0.9395736071629708 2.924857210244177 -7.599783425865086 
0.7701855263680084 0.9233377329613822 0.8273375872935815 1.0036008891438748 0.953562426366593 5.252672907078437 0.4068806403707819 0.7247193642841929 0.0634367959175352 -1.7881683991219905 0.6898992178288007 -3.499168131627074 -0.05358644069050028 0.9733973577193181 0.6379702369224972 -1.173087556550164 0.6409936829028894 6.7613508374590845 -0.9457064299706127 -5.562701266534278 
0.06948863713627074 0.7443083252430034 0.9216034553410605 0.35102592715963277 0.299637247963478 3.300006156136823 0.5123055191343098 0.6727565983443184 0.7447646458778622 -1.2038558751043293 0.8744072922433037 1.7497872100762946 -2.66497692318863 1.0634414061711435 0.272887935844473 -0.08971758135857962 -0.02364185425373615 2.4747041374300114 -0.5640672408712213 1.4600918975343966 
-0.16584072073105924 -0.30581467317332606 -0.905379444609925 -0.11022855527932651 -0.5176492262482757 -0.46244675924578393 -1.381396530930145 -0.6387792793114294 -0.03618345431083237 -0.5093004753595408 -0.5108389775013642 -1.5066044654805257 -0.9046698599486439 -0.39419203491950583 -1.241345949929271 -1.5847675237721792 -1.3692679407251735 -1.853953254438183 -0.5642331585663074 -0.9264614840804755 -1.7821721330352684 -0.8361132303334082 -0.9404487240746938 -0.5713866897439798 -0.27332575902587847 -0.40094095460413076 -1.2518865712880307 -0.6683212018096862 -0.27185517601270864 -0.9911289230451271 -1.478773026110085 -0.6817661414258783 -1.1287439913096344 -0.3051562359248852 0.1541668148625399 -0.28211936892526573 
-0.009506649674421329 0.00961902615958707 -0.34650992037950773 -0.5477049285651518 -1.2955900759742733 -0.23045160494044395 -1.2811444947722201 -0.743941078468318 -0.6332479966018882 -0.915894361790852 -0.9204357457405214 -1.3207688554455543 -0.7209555551927763 -0.8178981756074128 -1.1275654854078556 -1.2158241767820517 -1.3225463998043956 -1.4056677412782093 -0.7848993701630165 -1.192666396858387 -2.0194653803290046 -0.5036975110877624 -0.42680582129803357 -0.8177938171432199 -0.8401060581556319 -0.22504796553207412 -0.5256037919658337 -1.0488353581013787 -0.2429156522986579 -0.6942578667478857 -1.5294627292337146 -0.5249078825348028 -1.2173926641074586 -0.8656093375662031 0.09545425618946678 -0.6494782200331489 
0.07513128536291706 0.3284247131059447 -0.7885346606220991 -0.08143753482087436 -0.8256609035808778 -0.11217652714256873 -0.8458224552811932 -0.737497042505869 -0.6215852419247729 -0.8382479941218252 -0.4424479512380966 -1.5043856690578408 -0.03525597286180644 -0.5042754734506816 -1.3451589393393004 -0.8287217288276133 -1.2271059867846772 -1.1381989283155414 -0.24536888998700696 -0.6918775508681332 -1.2204886463447866 -0.7182433526694703 -0.2668012860915945 -0.49294293033243913 -0.18682358990853906 -0.6960264302424668 -0.6028162775289551 -1.15937628455125 -0.8233001678049829 -0.21120705082243113 -1.1487341655234757 -0.9550340028871063 -0.2777162582931525 -0.8218649100428743 0.3286977737019156 -0.23058420378748454 
-0.20641641882020428 0.4693602622990516 -1.0972907602645712 0.18012957170583296 -0.6227385120100165 -0.4897810201195452 -0.8238869325928061 -0.6897569028908945 -0.21986192253391737 -0.5353676812140866 -0.28566547036229745 -1.2622760369753074 -0.05746047568987599 -0.5426369232830189 -0.4628343762802065 -0.8095233480708982 -0.78806407260824 -0.9146539112449406 -1.066751913035312 -0.6383967117882681 -1.277418733628274 -0.27537280328625746 -1.1899570495341876 -1.2256298530115715 -0.5099016937900215 -0.413313728745485 -1.1625154138438458 -1.376459412270423 -0.7639715595037365 -0.40294477565070835 -1.0920722131437266 -0.7319718969258056 -0.44640243193293416 -1.076095190836977 -0.3502256892275443 -0.9124259364771883 
0.13036733538048306 0.011825509376263062 -1.196400104320822 -0.36199793333916835 -1.27339659068207 -0.48782329557847665 -0.810906060434749 -0.036529636642585545 -0.4639912130744512 -0.5232971697064094 -0.48406506934227084 -1.0622777043160945 -0.3122089113541186 -1.0482413830332369 -0.9218431906271355 -1.3136264864932437 -1.306037339279187 -1.0313964945302054 -0.3029374250664485 -1.5958965393790878 -1.8623109507181057 -0.8202612573971709 -0.9737806046384314 -0.4935799501656903 -0.7644148999206108 -0.4840126286608113 -0.6611284529552092 -1.1507647234971305 -0.7934484476207307 -0.8729653891811533 -1.1676873887026489 -0.3185029861615769 -1.1886838612920336 -0.8142503517737593 -0.49233647811047493 -0.5811318525303485 
-9.506372900822896 -6.644475607766649 5.718756786782996 -7.992338752863295 5.631811519576508 6.865870550641792 5.775202271922003 -0.35536076950459305 -7.803410967055031 -5.594540682211308 -0.21055695842989078 -2.9308071324997633 -0.7590841735677346 -6.708412013441143 4.1685164808561455 3.901823781372555 7.593381502564614 -3.3099748686013224 -0.09806872055490565 3.107392251606133 9.408560715435492 -0.4975939927822141 -1.2596108417878487 -3.9987934661336335 -0.7605749841183517 -0.43402020345496717 5.340789745652284 -4.835617023333354 -0.8963386244175898 -0.4187272793580934 -3.190597190981827 3.8229958741466707 -4.633968625816711 0.29610020614271465 -4.727529138497598 -0.7076337424131239 
0.025350485455269033 0.2473060847067486 -0.8890973029555855 -0.22057671996109032 -1.1650627614404339 -0.1259337242973324 -0.5387544691790433 -0.035968297789090733 -0.2683357938972838 -0.5370838489079829 -0.7314764676564642 -1.3262499518487751 -0.7361297188202802 -0.7077093123364983 -0.7761776430479419 -1.4849192283306025 -0.6034640891927203 -1.1391861294468097 -0.40516923834933477 -1.4665919232464204 -1.7156789582222414 -0.44303583531681073 -1.1021801496237364 -1.1122631958565816 -0.11626431788450552 -0.921859057824153 -1.2252816665425068 -1.2469704914646471 -0.968870511444574 -0.5855591051493434 -0.6428748023451287 -0.9988990435563232 -0.7219553955852667 -0.31991871093579044 -0.12659139738034214 -0.09689793293187676 
0.04418416958327841 0.4003558803099312 -1.1234320357757883 -0.2442677381222887 -0.8851029398957243 0.33048288866812203 -0.6195598329367339 -0.6331181265285424 -0.5638100575903626 -0.7933896363407505 -0.6148790312774963 -1.4779479670708426 -0.7838429884532127 -0.7457076960197301 -0.5776483068613218 -1.0549504912529597 -1.026070986184483 -1.0660725325287936 -1.0234189240431149 -1.1567064632845052 -2.143587500343015 -0.21543915503051303 -0.7097176783136775 -0.8075232845688404 -0.45271247724447344 -0.4786201192194527 -0.9174355371563129 -0.8663942152077287 -0.12787154726091718 -0.41579699923542013 -1.00036033545411 -0.5366933782133554 -0.5008486290564838 -0.646520493015086 0.18057287274408787 -0.3384296935981079 
-0.2587496011225359 0.4087380669612199 -1.0788975755450199 -0.33664812149897166 -1.0710392794786956 -0.3401750464426569 -0.8678209451391209 -0.0333491529084817 -0.12324784925781973 -0.28438595755910395 -0.30083599916976456 -1.5272738621246058 -0.9160809320508753 -0.9034049116648609 -1.1050595950847752 -1.6748006662827502 -0.5965323974171218 -1.2733129062494983 -1.00243570496216 -0.8081341913819065 -2.029099977295423 -0.4718671047550965 -1.0965397128371868 -1.0891229507097593 -0.8757585509882414 -0.7765189041638406 -0.6571260893398094 -0.7087263815489325 -0.4077921465994356 -0.4334080025794015 -1.056113272976721 -1.061646680109122 -0.7546888753824019 -0.7434266603409457 0.21525255332382168 -1.040307985103925 
6.947429743634831 -5.313158778834841 2.011704606108489 -3.454592130219365 -5.635896432794611 -7.199291174351394 -2.9802968490312276 -5.697732335523461 -3.0296247507045697 3.713042540141869 -0.6204171404366666 -1.276296132572912 0.08274622678727445 2.202827229944953 -1.1564017181739017 3.6016933490208256 5.625981903393629 -1.3185567782157133 -0.34649416702768876 0.30747660616595796 -5.758962972275856 -0.45238713719432144 -2.2985827030684876 -2.3314697158885522 -0.24611321256469249 -0.7941663127252256 5.146462382925561 -2.1886758394113905 -0.35032226715528114 -0.6732405003084859 5.815033104271959 3.07114677510352 -2.0425814703005183 -2.062790119681049 -4.213482157003142 -0.8106377230734586 
-0.3351803904466317 -0.16865195716236947 -0.8760112370617968 -0.3212102197583968 -0.6025727925408703 0.03290714914873392 -1.3874914615533562 0.10001452955425638 -0.3418584160401427 -0.34780753044248547 -0.7105324104683753 -1.013092839855575 -0.6909439898414533 -0.622419456303943 -0.7538700492449781 -1.5890240334064378 -0.8947941117530708 -1.4374245996166986 -0.28233787071610944 -1.112982540272673 -1.63333854634024 -0.7100912674937773 -0.9500585509645955 -0.823464372955762 -0.5857716211476147 -0.5348375175598652 -0.8636853468883403 -1.4224574946383686 -0.5746553064133132 -0.5497140326660699 -0.8024092836236977 -0.9707950696719844 -1.1785643543079134 -0.8238451071813578 -0.22810369522726942 -0.8095773672727056 
-5.691761683175915 -4.964575494334353 -3.0048789081755376 -1.3164084858801814 -2.918908540114322 -3.3918996874586584 -5.5138778117875304 7.20594783670306 -9.829326224701884 -4.431037665704473 0.014537451256717572 8.716232210076688 -0.530390480416698 8.077593454639409 4.707919975696423 4.0671827587339555 -5.781124464274348 1.5784266759983958 0.2566724445198111 -0.8224553341158112 0.4816191508022943 -0.11481012886978756 6.121561668043304 3.162437115028161 0.01212773977391302 -0.07418900693551893 1.9107093207394041 5.444094392609303 -0.4666209103735611 0.09564980518310566 -2.6931065369305816 -5.201444769353897 -7.410924539635773 -3.3590024283321007 -2.1311918230484053 -0.3330908862679675 
-5.710701610417439 -4.101503723316337 -4.622241933090808 -5.31905826244392 -2.3413987978069306 1.1034960392602227 2.779223606413821 -6.3948348044019445 3.094363548834145 2.9437410950802585 -0.4652011404744635 2.636319707817319 -0.2448425948206601 2.290585416605945 -2.9278360103826695 4.677380588729871 -6.6340125687373135 4.448985656222303 -0.255122212625053 -1.71215613143021 7.323375547399221 -0.5948740865182751 -6.634719387874986 3.016145404883845 -0.5932263783344416 -0.6545613893492064 -3.5034899230699255 4.384635303180168 -0.23982564807459475 -0.6120240609057338 -0.8788202082640372 -2.386168176547553 3.7568776227648293 2.632146664115979 -6.148426460367701 -0.7173737287910472 
-4.2876151928258395 -8.22786636376404 0.03948833215439691 -3.335861926081866 -3.466810235938449 -2.8009816969564345 3.2577156694780753 -2.782979876526751 -0.32146438552032164 5.460727703339827 -0.8210581088537748 1.007894135184531 -0.8398162901784098 -3.579069446792487 6.194579314285311 0.8027766674027983 -2.6990871177802194 -0.4932600054382994 -0.15641344003124064 -2.545327233176257 2.000096965038287 -0.26997828697322623 0.8350421546438698 1.3519580499741233 -0.6752136938659578 -0.4676747203406498 -3.920946652153944 2.8734244033838445 -0.03900175892606513 -0.7873316161264936 -1.2565160416642358 0.7294936459818557 2.676196262688017 -1.307453358717997 4.909800392335549 -0.9067090656048502 
0.06740515783708681 0.4333421718282808 -0.3445647483066874 0.09292470511666881 -0.5403268336081138 -0.3566352933100734 -0.676873416117712 -0.012372337973558302 -0.21624088999424065 -0.31000298860510056 -0.9230513520451061 -1.5497940952906761 -0.19569776091589178 -0.3050547497301043 -1.2904618700118888 -1.6265931384816752 -1.2234688879117077 -1.0199152871827 -0.45512898590764295 -0.9304178135275358 -1.7874435932100026 -0.626650639364565 -1.023546278904074 -1.0695187020224635 -0.64046334566989 -0.6423863705672672 -0.39995098732809126 -0.7644245007157102 -0.9243614784253863 -0.6992060928221597 -1.046969438668215 -0.32749340290575435 -0.28668515926441956 -0.860915991579861 0.23315213853369185 -0.5677973525820095 
-0.29846698036385316 0.8180222534719293 0.005493843566901654 0.18466017114355132 -0.2067908358272165 0.2796880716779495 0.02234071774754448 0.14766885345181596 0.09344491134016175 -0.37194649643297295 0.0025863913216896493 0.5543536647088837 -0.37088670099180304 -0.5655159146839899 -0.36358910080457757 -0.4286054192884807 -0.2877740611199576 -0.3602656380735766 0.7954755660776094 -0.38628986596410914 -0.22413860036897298 0.013940531512470267 0.048968962548521795 -0.5551039706062865 -0.04221349336586323 -0.5049254239781359 -0.6638006802850953 -0.2528475395994064 -0.16963948548234703 -0.11289104995108025 -0.24605888520507885 -0.22067830790596527 0.14160516540390328 -0.14610435915630246 -0.7377219189967287 -0.41390184975201744 
-0.1705106477071331 0.146010355721123 -0.34903884857711465 0.024974555719368 -0.9651468480881071 -0.1920162423502681 -1.3242306537645772 -0.7470781411411 -0.26936541667655073 -0.4422449579189352 -0.0396492457904028 -1.7520593847359942 -0.8163545876118553 -0.9439145211132394 -1.431337045340086 -1.5337148262112326 -0.8751091906073217 -1.018854770507937 -0.643437129395554 -1.415611455669828 -1.7350574460122157 -0.48595061387092714 -0.43589582059911175 -0.49177640357491276 -0.6791946148450445 -0.3612661786079409 -0.42854920329497864 -0.7717233135680664 -0.1443362662156711 -0.1526894362419236 -1.245675779398966 -1.0409864001430282 -1.0706067888027548 -0.19693893064631346 0.13904796803788577 -0.27704409124027235 
-4.8820412896372325 -3.1791994390845417 6.750295575462137 7.645283013489139 2.99552470745473 -6.240974778958123 -7.898787450945238 1.945394992689749 -1.1774436530088337 -3.0535993387792364 -0.6028461448030608 -0.8570528671355253 -0.4140012747179984 -3.515182674515015 -1.597598468330883 -3.915709289020861 -4.653295147053909 -3.2254894817766036 -0.7392762788232116 2.7540105091208034 3.295248405156753 -0.14098064944657784 -1.0389486644906345 -5.282162048626455 -0.3997238080891641 -0.6661130597281173 -6.170604065572537 1.9523444273678139 -0.2021790356429692 -0.44871607074621 -5.094178907964902 -2.7718437032683174 -1.9073667473417883 5.242029494060825 -1.4752706705006835 -0.12211630173375976 
0.6539253822498063 -1.0897653196200883 -7.459778720979936 -1.3309672993815846 4.86058798484972 -4.40638802455799 4.987052549308635 -6.901944363341996 6.981571898311058 -8.71959475611548 -0.6777243474218805 8.430771890426298 -0.3304049457887832 -1.4802067499218436 -1.2018548494373267 -1.1253142412323043 4.569133483978005 6.066510284580571 -0.1968289131903801 2.4611722351149528 2.197096913376512 -0.6746677627670228 1.2737820683103447 -6.831825625906178 -0.8645616080902907 -0.6415802129503723 -7.660637431043179 -7.39026057678781 -0.8823368154759036 -0.7885257989248167 5.467596463209492 -6.501378686384433 0.7641081423158419 -6.222553087596372 -7.030346634467433 -0.6881000610884531 
-5.1594134880676235 6.166414451697315 -3.0339903382513818 -5.274154049538359 -5.473748527318528 -5.841785321973635 -3.5992035999899543 -0.5640852703957501 -5.543065726575395 -3.830197701114065 -0.6078975281789687 -9.7920533861278 -0.41805638710275445 -1.725875971153272 -3.2036259543667858 3.0018323654142 -11.96029064870456 4.617905450970868 0.46845464406762627 6.6652500917312 -5.166127019815822 -0.5198296894947397 4.473588297935088 4.538896585432931 -0.5358357378325233 -0.1258517882727582 -2.6568222365266476 -4.389181401011113 -0.4890478791651978 0.06325912286891859 8.015798158912876 4.947625397630419 5.386463188343112 4.0867456470394865 -3.5462302420732734 -0.2806359510258663 
